,Days,S,I,R
0,0,"[7042. 7042. 7042. 7042. 7042. 7042. 7042. 7042. 7042. 7042. 7042. 7042.
 7042. 7042. 7042. 7042. 7042. 7042. 7042. 7042. 7042. 7042. 7042. 7042.
 7042. 7042. 7042. 7042. 7042. 7042. 7042. 7042. 7042. 7042. 7042. 7042.
 7042. 7042. 7042. 7042. 7042. 7042. 7042. 7042. 7042. 7042. 7042. 7042.
 7042. 7042. 7042. 7042. 7042. 7042. 7042. 7042. 7042. 7042. 7042. 7042.
 7042. 7042. 7042. 7042. 7042. 7042. 7042. 7042. 7042. 7041. 7041. 7041.
 7041. 7041. 7041. 7041. 7041. 7041. 7040. 7040. 7040. 7040. 7040. 7040.
 7040. 7040. 7040. 7040. 7040. 7040. 7040. 7040. 7040. 7040. 7040. 7040.
 7040. 7040. 7040. 7040. 7040. 7039. 7039. 7039. 7039. 7039. 7038. 7038.
 7037. 7037. 7037. 7036. 7036. 7035. 7035. 7035. 7035. 7035. 7035. 7035.
 7035. 7035. 7035. 7035. 7035. 7035. 7034. 7031. 7031.]",0,
1,1,"[7042. 7042. 7042. 7042. 7042. 7042. 7042. 7042. 7042. 7042. 7042. 7042.
 7042. 7042. 7042. 7042. 7042. 7042. 7042. 7042. 7042. 7042. 7042. 7042.
 7042. 7042. 7042. 7042. 7042. 7042. 7042. 7042. 7042. 7042. 7042. 7042.
 7042. 7042. 7042. 7042. 7042. 7042. 7042. 7042. 7042. 7042. 7042. 7042.
 7042. 7042. 7042. 7042. 7042. 7042. 7042. 7042. 7042. 7042. 7042. 7042.
 7042. 7042. 7042. 7042. 7042. 7042. 7042. 7042. 7042. 7041. 7041. 7041.
 7041. 7041. 7041. 7041. 7041. 7041. 7040. 7040. 7040. 7040. 7040. 7040.
 7040. 7040. 7040. 7040. 7040. 7040. 7040. 7040. 7040. 7040. 7040. 7040.
 7040. 7040. 7040. 7040. 7040. 7039. 7039. 7039. 7039. 7039. 7038. 7038.
 7037. 7037. 7037. 7036. 7036. 7035. 7035. 7035. 7035. 7035. 7035. 7035.
 7035. 7035. 7035. 7035. 7035. 7035. 7034. 7031. 7031.]",0,
2,2,"[7042. 7042. 7042. 7042. 7042. 7042. 7042. 7042. 7042. 7042. 7042. 7042.
 7042. 7042. 7042. 7042. 7042. 7042. 7042. 7042. 7042. 7042. 7042. 7042.
 7042. 7042. 7042. 7042. 7042. 7042. 7042. 7042. 7042. 7042. 7042. 7042.
 7042. 7042. 7042. 7042. 7042. 7042. 7042. 7042. 7042. 7042. 7042. 7042.
 7042. 7042. 7042. 7042. 7042. 7042. 7042. 7042. 7042. 7042. 7042. 7042.
 7042. 7042. 7042. 7042. 7042. 7042. 7042. 7042. 7042. 7041. 7041. 7041.
 7041. 7041. 7041. 7041. 7041. 7041. 7040. 7040. 7040. 7040. 7040. 7040.
 7040. 7040. 7040. 7040. 7040. 7040. 7040. 7040. 7040. 7040. 7040. 7040.
 7040. 7040. 7040. 7040. 7040. 7039. 7039. 7039. 7039. 7039. 7038. 7038.
 7037. 7037. 7037. 7036. 7036. 7035. 7035. 7035. 7035. 7035. 7035. 7035.
 7035. 7035. 7035. 7035. 7035. 7035. 7034. 7031. 7031.]",0,
3,3,"[7042. 7042. 7042. 7042. 7042. 7042. 7042. 7042. 7042. 7042. 7042. 7042.
 7042. 7042. 7042. 7042. 7042. 7042. 7042. 7042. 7042. 7042. 7042. 7042.
 7042. 7042. 7042. 7042. 7042. 7042. 7042. 7042. 7042. 7042. 7042. 7042.
 7042. 7042. 7042. 7042. 7042. 7042. 7042. 7042. 7042. 7042. 7042. 7042.
 7042. 7042. 7042. 7042. 7042. 7042. 7042. 7042. 7042. 7042. 7042. 7042.
 7042. 7042. 7042. 7042. 7042. 7042. 7042. 7042. 7042. 7041. 7041. 7041.
 7041. 7041. 7041. 7041. 7041. 7041. 7040. 7040. 7040. 7040. 7040. 7040.
 7040. 7040. 7040. 7040. 7040. 7040. 7040. 7040. 7040. 7040. 7040. 7040.
 7040. 7040. 7040. 7040. 7040. 7039. 7039. 7039. 7039. 7039. 7038. 7038.
 7037. 7037. 7037. 7036. 7036. 7035. 7035. 7035. 7035. 7035. 7035. 7035.
 7035. 7035. 7035. 7035. 7035. 7035. 7034. 7031. 7031.]",0,
4,4,"[7042. 7042. 7042. 7042. 7042. 7042. 7042. 7042. 7042. 7042. 7042. 7042.
 7042. 7042. 7042. 7042. 7042. 7042. 7042. 7042. 7042. 7042. 7042. 7042.
 7042. 7042. 7042. 7042. 7042. 7042. 7042. 7042. 7042. 7042. 7042. 7042.
 7042. 7042. 7042. 7042. 7042. 7042. 7042. 7042. 7042. 7042. 7042. 7042.
 7042. 7042. 7042. 7042. 7042. 7042. 7042. 7042. 7042. 7042. 7042. 7042.
 7042. 7042. 7042. 7042. 7042. 7042. 7042. 7042. 7042. 7041. 7041. 7041.
 7041. 7041. 7041. 7041. 7041. 7041. 7040. 7040. 7040. 7040. 7040. 7040.
 7040. 7040. 7040. 7040. 7040. 7040. 7040. 7040. 7040. 7040. 7040. 7040.
 7040. 7040. 7040. 7040. 7040. 7039. 7039. 7039. 7039. 7039. 7038. 7038.
 7037. 7037. 7037. 7036. 7036. 7035. 7035. 7035. 7035. 7035. 7035. 7035.
 7035. 7035. 7035. 7035. 7035. 7035. 7034. 7031. 7031.]",0,
5,5,"[7042. 7042. 7042. 7042. 7042. 7042. 7042. 7042. 7042. 7042. 7042. 7042.
 7042. 7042. 7042. 7042. 7042. 7042. 7042. 7042. 7042. 7042. 7042. 7042.
 7042. 7042. 7042. 7042. 7042. 7042. 7042. 7042. 7042. 7042. 7042. 7042.
 7042. 7042. 7042. 7042. 7042. 7042. 7042. 7042. 7042. 7042. 7042. 7042.
 7042. 7042. 7042. 7042. 7042. 7042. 7042. 7042. 7042. 7042. 7042. 7042.
 7042. 7042. 7042. 7042. 7042. 7042. 7042. 7042. 7042. 7041. 7041. 7041.
 7041. 7041. 7041. 7041. 7041. 7041. 7040. 7040. 7040. 7040. 7040. 7040.
 7040. 7040. 7040. 7040. 7040. 7040. 7040. 7040. 7040. 7040. 7040. 7040.
 7040. 7040. 7040. 7040. 7040. 7039. 7039. 7039. 7039. 7039. 7038. 7038.
 7037. 7037. 7037. 7036. 7036. 7035. 7035. 7035. 7035. 7035. 7035. 7035.
 7035. 7035. 7035. 7035. 7035. 7035. 7034. 7031. 7031.]",0,
6,6,"[7042. 7042. 7042. 7042. 7042. 7042. 7042. 7042. 7042. 7042. 7042. 7042.
 7042. 7042. 7042. 7042. 7042. 7042. 7042. 7042. 7042. 7042. 7042. 7042.
 7042. 7042. 7042. 7042. 7042. 7042. 7042. 7042. 7042. 7042. 7042. 7042.
 7042. 7042. 7042. 7042. 7042. 7042. 7042. 7042. 7042. 7042. 7042. 7042.
 7042. 7042. 7042. 7042. 7042. 7042. 7042. 7042. 7042. 7042. 7042. 7042.
 7042. 7042. 7042. 7042. 7042. 7042. 7042. 7042. 7042. 7041. 7041. 7041.
 7041. 7041. 7041. 7041. 7041. 7041. 7040. 7040. 7040. 7040. 7040. 7040.
 7040. 7040. 7040. 7040. 7040. 7040. 7040. 7040. 7040. 7040. 7040. 7040.
 7040. 7040. 7040. 7040. 7040. 7039. 7039. 7039. 7039. 7039. 7038. 7038.
 7037. 7037. 7037. 7036. 7036. 7035. 7035. 7035. 7035. 7035. 7035. 7035.
 7035. 7035. 7035. 7035. 7035. 7035. 7034. 7031. 7031.]",0,
7,7,"[7042. 7042. 7042. 7042. 7042. 7042. 7042. 7042. 7042. 7042. 7042. 7042.
 7042. 7042. 7042. 7042. 7042. 7042. 7042. 7042. 7042. 7042. 7042. 7042.
 7042. 7042. 7042. 7042. 7042. 7042. 7042. 7042. 7042. 7042. 7042. 7042.
 7042. 7042. 7042. 7042. 7042. 7042. 7042. 7042. 7042. 7042. 7042. 7042.
 7042. 7042. 7042. 7042. 7042. 7042. 7042. 7042. 7042. 7042. 7042. 7042.
 7042. 7042. 7042. 7042. 7042. 7042. 7042. 7042. 7042. 7041. 7041. 7041.
 7041. 7041. 7041. 7041. 7041. 7041. 7040. 7040. 7040. 7040. 7040. 7040.
 7040. 7040. 7040. 7040. 7040. 7040. 7040. 7040. 7040. 7040. 7040. 7040.
 7040. 7040. 7040. 7040. 7040. 7039. 7039. 7039. 7039. 7039. 7038. 7038.
 7037. 7037. 7037. 7036. 7036. 7035. 7035. 7035. 7035. 7035. 7035. 7035.
 7035. 7035. 7035. 7035. 7035. 7035. 7034. 7031. 7031.]",0,
8,8,"[7042. 7042. 7042. 7042. 7042. 7042. 7042. 7042. 7042. 7042. 7042. 7042.
 7042. 7042. 7042. 7042. 7042. 7042. 7042. 7042. 7042. 7042. 7042. 7042.
 7042. 7042. 7042. 7042. 7042. 7042. 7042. 7042. 7042. 7042. 7042. 7042.
 7042. 7042. 7042. 7042. 7042. 7042. 7042. 7042. 7042. 7042. 7042. 7042.
 7042. 7042. 7042. 7042. 7042. 7042. 7042. 7042. 7042. 7042. 7042. 7042.
 7042. 7042. 7042. 7042. 7042. 7042. 7042. 7042. 7042. 7041. 7041. 7041.
 7041. 7041. 7041. 7041. 7041. 7041. 7040. 7040. 7040. 7040. 7040. 7040.
 7040. 7040. 7040. 7040. 7040. 7040. 7040. 7040. 7040. 7040. 7040. 7040.
 7040. 7040. 7040. 7040. 7040. 7039. 7039. 7039. 7039. 7039. 7038. 7038.
 7037. 7037. 7037. 7036. 7036. 7035. 7035. 7035. 7035. 7035. 7035. 7035.
 7035. 7035. 7035. 7035. 7035. 7035. 7034. 7031. 7031.]",0,
9,9,"[7042. 7042. 7042. 7042. 7042. 7042. 7042. 7042. 7042. 7042. 7042. 7042.
 7042. 7042. 7042. 7042. 7042. 7042. 7042. 7042. 7042. 7042. 7042. 7042.
 7042. 7042. 7042. 7042. 7042. 7042. 7042. 7042. 7042. 7042. 7042. 7042.
 7042. 7042. 7042. 7042. 7042. 7042. 7042. 7042. 7042. 7042. 7042. 7042.
 7042. 7042. 7042. 7042. 7042. 7042. 7042. 7042. 7042. 7042. 7042. 7042.
 7042. 7042. 7042. 7042. 7042. 7042. 7042. 7042. 7042. 7041. 7041. 7041.
 7041. 7041. 7041. 7041. 7041. 7041. 7040. 7040. 7040. 7040. 7040. 7040.
 7040. 7040. 7040. 7040. 7040. 7040. 7040. 7040. 7040. 7040. 7040. 7040.
 7040. 7040. 7040. 7040. 7040. 7039. 7039. 7039. 7039. 7039. 7038. 7038.
 7037. 7037. 7037. 7036. 7036. 7035. 7035. 7035. 7035. 7035. 7035. 7035.
 7035. 7035. 7035. 7035. 7035. 7035. 7034. 7031. 7031.]",0,
10,10,"[7042. 7042. 7042. 7042. 7042. 7042. 7042. 7042. 7042. 7042. 7042. 7042.
 7042. 7042. 7042. 7042. 7042. 7042. 7042. 7042. 7042. 7042. 7042. 7042.
 7042. 7042. 7042. 7042. 7042. 7042. 7042. 7042. 7042. 7042. 7042. 7042.
 7042. 7042. 7042. 7042. 7042. 7042. 7042. 7042. 7042. 7042. 7042. 7042.
 7042. 7042. 7042. 7042. 7042. 7042. 7042. 7042. 7042. 7042. 7042. 7042.
 7042. 7042. 7042. 7042. 7042. 7042. 7042. 7042. 7042. 7041. 7041. 7041.
 7041. 7041. 7041. 7041. 7041. 7041. 7040. 7040. 7040. 7040. 7040. 7040.
 7040. 7040. 7040. 7040. 7040. 7040. 7040. 7040. 7040. 7040. 7040. 7040.
 7040. 7040. 7040. 7040. 7040. 7039. 7039. 7039. 7039. 7039. 7038. 7038.
 7037. 7037. 7037. 7036. 7036. 7035. 7035. 7035. 7035. 7035. 7035. 7035.
 7035. 7035. 7035. 7035. 7035. 7035. 7034. 7031. 7031.]",0,
11,11,"[7042. 7042. 7042. 7042. 7042. 7042. 7042. 7042. 7042. 7042. 7042. 7042.
 7042. 7042. 7042. 7042. 7042. 7042. 7042. 7042. 7042. 7042. 7042. 7042.
 7042. 7042. 7042. 7042. 7042. 7042. 7042. 7042. 7042. 7042. 7042. 7042.
 7042. 7042. 7042. 7042. 7042. 7042. 7042. 7042. 7042. 7042. 7042. 7042.
 7042. 7042. 7042. 7042. 7042. 7042. 7042. 7042. 7042. 7042. 7042. 7042.
 7042. 7042. 7042. 7042. 7042. 7042. 7042. 7042. 7042. 7041. 7041. 7041.
 7041. 7041. 7041. 7041. 7041. 7041. 7040. 7040. 7040. 7040. 7040. 7040.
 7040. 7040. 7040. 7040. 7040. 7040. 7040. 7040. 7040. 7040. 7040. 7040.
 7040. 7040. 7040. 7040. 7040. 7039. 7039. 7039. 7039. 7039. 7038. 7038.
 7037. 7037. 7037. 7036. 7036. 7035. 7035. 7035. 7035. 7035. 7035. 7035.
 7035. 7035. 7035. 7035. 7035. 7035. 7034. 7031. 7031.]",0,
12,12,"[7042. 7042. 7042. 7042. 7042. 7042. 7042. 7042. 7042. 7042. 7042. 7042.
 7042. 7042. 7042. 7042. 7042. 7042. 7042. 7042. 7042. 7042. 7042. 7042.
 7042. 7042. 7042. 7042. 7042. 7042. 7042. 7042. 7042. 7042. 7042. 7042.
 7042. 7042. 7042. 7042. 7042. 7042. 7042. 7042. 7042. 7042. 7042. 7042.
 7042. 7042. 7042. 7042. 7042. 7042. 7042. 7042. 7042. 7042. 7042. 7042.
 7042. 7042. 7042. 7042. 7042. 7042. 7042. 7042. 7042. 7041. 7041. 7041.
 7041. 7041. 7041. 7041. 7041. 7041. 7040. 7040. 7040. 7040. 7040. 7040.
 7040. 7040. 7040. 7040. 7040. 7040. 7040. 7040. 7040. 7040. 7040. 7040.
 7040. 7040. 7040. 7040. 7040. 7039. 7039. 7039. 7039. 7039. 7038. 7038.
 7037. 7037. 7037. 7036. 7036. 7035. 7035. 7035. 7035. 7035. 7035. 7035.
 7035. 7035. 7035. 7035. 7035. 7035. 7034. 7031. 7031.]",0,
13,13,"[7042. 7042. 7042. 7042. 7042. 7042. 7042. 7042. 7042. 7042. 7042. 7042.
 7042. 7042. 7042. 7042. 7042. 7042. 7042. 7042. 7042. 7042. 7042. 7042.
 7042. 7042. 7042. 7042. 7042. 7042. 7042. 7042. 7042. 7042. 7042. 7042.
 7042. 7042. 7042. 7042. 7042. 7042. 7042. 7042. 7042. 7042. 7042. 7042.
 7042. 7042. 7042. 7042. 7042. 7042. 7042. 7042. 7042. 7042. 7042. 7042.
 7042. 7042. 7042. 7042. 7042. 7042. 7042. 7042. 7042. 7041. 7041. 7041.
 7041. 7041. 7041. 7041. 7041. 7041. 7040. 7040. 7040. 7040. 7040. 7040.
 7040. 7040. 7040. 7040. 7040. 7040. 7040. 7040. 7040. 7040. 7040. 7040.
 7040. 7040. 7040. 7040. 7040. 7039. 7039. 7039. 7039. 7039. 7038. 7038.
 7037. 7037. 7037. 7036. 7036. 7035. 7035. 7035. 7035. 7035. 7035. 7035.
 7035. 7035. 7035. 7035. 7035. 7035. 7034. 7031. 7031.]",0,
14,14,"[7042. 7042. 7042. 7042. 7042. 7042. 7042. 7042. 7042. 7042. 7042. 7042.
 7042. 7042. 7042. 7042. 7042. 7042. 7042. 7042. 7042. 7042. 7042. 7042.
 7042. 7042. 7042. 7042. 7042. 7042. 7042. 7042. 7042. 7042. 7042. 7042.
 7042. 7042. 7042. 7042. 7042. 7042. 7042. 7042. 7042. 7042. 7042. 7042.
 7042. 7042. 7042. 7042. 7042. 7042. 7042. 7042. 7042. 7042. 7042. 7042.
 7042. 7042. 7042. 7042. 7042. 7042. 7042. 7042. 7042. 7041. 7041. 7041.
 7041. 7041. 7041. 7041. 7041. 7041. 7040. 7040. 7040. 7040. 7040. 7040.
 7040. 7040. 7040. 7040. 7040. 7040. 7040. 7040. 7040. 7040. 7040. 7040.
 7040. 7040. 7040. 7040. 7040. 7039. 7039. 7039. 7039. 7039. 7038. 7038.
 7037. 7037. 7037. 7036. 7036. 7035. 7035. 7035. 7035. 7035. 7035. 7035.
 7035. 7035. 7035. 7035. 7035. 7035. 7034. 7031. 7031.]",0,
15,15,"[7042. 7042. 7042. 7042. 7042. 7042. 7042. 7042. 7042. 7042. 7042. 7042.
 7042. 7042. 7042. 7042. 7042. 7042. 7042. 7042. 7042. 7042. 7042. 7042.
 7042. 7042. 7042. 7042. 7042. 7042. 7042. 7042. 7042. 7042. 7042. 7042.
 7042. 7042. 7042. 7042. 7042. 7042. 7042. 7042. 7042. 7042. 7042. 7042.
 7042. 7042. 7042. 7042. 7042. 7042. 7042. 7042. 7042. 7042. 7042. 7042.
 7042. 7042. 7042. 7042. 7042. 7042. 7042. 7042. 7042. 7041. 7041. 7041.
 7041. 7041. 7041. 7041. 7041. 7041. 7040. 7040. 7040. 7040. 7040. 7040.
 7040. 7040. 7040. 7040. 7040. 7040. 7040. 7040. 7040. 7040. 7040. 7040.
 7040. 7040. 7040. 7040. 7040. 7039. 7039. 7039. 7039. 7039. 7038. 7038.
 7037. 7037. 7037. 7036. 7036. 7035. 7035. 7035. 7035. 7035. 7035. 7035.
 7035. 7035. 7035. 7035. 7035. 7035. 7034. 7031. 7031.]",0,
16,16,"[7042. 7042. 7042. 7042. 7042. 7042. 7042. 7042. 7042. 7042. 7042. 7042.
 7042. 7042. 7042. 7042. 7042. 7042. 7042. 7042. 7042. 7042. 7042. 7042.
 7042. 7042. 7042. 7042. 7042. 7042. 7042. 7042. 7042. 7042. 7042. 7042.
 7042. 7042. 7042. 7042. 7042. 7042. 7042. 7042. 7042. 7042. 7042. 7042.
 7042. 7042. 7042. 7042. 7042. 7042. 7042. 7042. 7042. 7042. 7042. 7042.
 7042. 7042. 7042. 7042. 7042. 7042. 7042. 7042. 7042. 7041. 7041. 7041.
 7041. 7041. 7041. 7041. 7041. 7041. 7040. 7040. 7040. 7040. 7040. 7040.
 7040. 7040. 7040. 7040. 7040. 7040. 7040. 7040. 7040. 7040. 7040. 7040.
 7040. 7040. 7040. 7040. 7040. 7039. 7039. 7039. 7039. 7039. 7038. 7038.
 7037. 7037. 7037. 7036. 7036. 7035. 7035. 7035. 7035. 7035. 7035. 7035.
 7035. 7035. 7035. 7035. 7035. 7035. 7034. 7031. 7031.]",0,
17,17,"[7042. 7042. 7042. 7042. 7042. 7042. 7042. 7042. 7042. 7042. 7042. 7042.
 7042. 7042. 7042. 7042. 7042. 7042. 7042. 7042. 7042. 7042. 7042. 7042.
 7042. 7042. 7042. 7042. 7042. 7042. 7042. 7042. 7042. 7042. 7042. 7042.
 7042. 7042. 7042. 7042. 7042. 7042. 7042. 7042. 7042. 7042. 7042. 7042.
 7042. 7042. 7042. 7042. 7042. 7042. 7042. 7042. 7042. 7042. 7042. 7042.
 7042. 7042. 7042. 7042. 7042. 7042. 7042. 7042. 7042. 7041. 7041. 7041.
 7041. 7041. 7041. 7041. 7041. 7041. 7040. 7040. 7040. 7040. 7040. 7040.
 7040. 7040. 7040. 7040. 7040. 7040. 7040. 7040. 7040. 7040. 7040. 7040.
 7040. 7040. 7040. 7040. 7040. 7039. 7039. 7039. 7039. 7039. 7038. 7038.
 7037. 7037. 7037. 7036. 7036. 7035. 7035. 7035. 7035. 7035. 7035. 7035.
 7035. 7035. 7035. 7035. 7035. 7035. 7034. 7031. 7031.]",0,
18,18,"[7042. 7042. 7042. 7042. 7042. 7042. 7042. 7042. 7042. 7042. 7042. 7042.
 7042. 7042. 7042. 7042. 7042. 7042. 7042. 7042. 7042. 7042. 7042. 7042.
 7042. 7042. 7042. 7042. 7042. 7042. 7042. 7042. 7042. 7042. 7042. 7042.
 7042. 7042. 7042. 7042. 7042. 7042. 7042. 7042. 7042. 7042. 7042. 7042.
 7042. 7042. 7042. 7042. 7042. 7042. 7042. 7042. 7042. 7042. 7042. 7042.
 7042. 7042. 7042. 7042. 7042. 7042. 7042. 7042. 7042. 7041. 7041. 7041.
 7041. 7041. 7041. 7041. 7041. 7041. 7040. 7040. 7040. 7040. 7040. 7040.
 7040. 7040. 7040. 7040. 7040. 7040. 7040. 7040. 7040. 7040. 7040. 7040.
 7040. 7040. 7040. 7040. 7040. 7039. 7039. 7039. 7039. 7039. 7038. 7038.
 7037. 7037. 7037. 7036. 7036. 7035. 7035. 7035. 7035. 7035. 7035. 7035.
 7035. 7035. 7035. 7035. 7035. 7035. 7034. 7031. 7031.]",0,
19,19,"[7042. 7042. 7042. 7042. 7042. 7042. 7042. 7042. 7042. 7042. 7042. 7042.
 7042. 7042. 7042. 7042. 7042. 7042. 7042. 7042. 7042. 7042. 7042. 7042.
 7042. 7042. 7042. 7042. 7042. 7042. 7042. 7042. 7042. 7042. 7042. 7042.
 7042. 7042. 7042. 7042. 7042. 7042. 7042. 7042. 7042. 7042. 7042. 7042.
 7042. 7042. 7042. 7042. 7042. 7042. 7042. 7042. 7042. 7042. 7042. 7042.
 7042. 7042. 7042. 7042. 7042. 7042. 7042. 7042. 7042. 7041. 7041. 7041.
 7041. 7041. 7041. 7041. 7041. 7041. 7040. 7040. 7040. 7040. 7040. 7040.
 7040. 7040. 7040. 7040. 7040. 7040. 7040. 7040. 7040. 7040. 7040. 7040.
 7040. 7040. 7040. 7040. 7040. 7039. 7039. 7039. 7039. 7039. 7038. 7038.
 7037. 7037. 7037. 7036. 7036. 7035. 7035. 7035. 7035. 7035. 7035. 7035.
 7035. 7035. 7035. 7035. 7035. 7035. 7034. 7031. 7031.]",0,
20,20,"[7042. 7042. 7042. 7042. 7042. 7042. 7042. 7042. 7042. 7042. 7042. 7042.
 7042. 7042. 7042. 7042. 7042. 7042. 7042. 7042. 7042. 7042. 7042. 7042.
 7042. 7042. 7042. 7042. 7042. 7042. 7042. 7042. 7042. 7042. 7042. 7042.
 7042. 7042. 7042. 7042. 7042. 7042. 7042. 7042. 7042. 7042. 7042. 7042.
 7042. 7042. 7042. 7042. 7042. 7042. 7042. 7042. 7042. 7042. 7042. 7042.
 7042. 7042. 7042. 7042. 7042. 7042. 7042. 7042. 7042. 7041. 7041. 7041.
 7041. 7041. 7041. 7041. 7041. 7041. 7040. 7040. 7040. 7040. 7040. 7040.
 7040. 7040. 7040. 7040. 7040. 7040. 7040. 7040. 7040. 7040. 7040. 7040.
 7040. 7040. 7040. 7040. 7040. 7039. 7039. 7039. 7039. 7039. 7038. 7038.
 7037. 7037. 7037. 7036. 7036. 7035. 7035. 7035. 7035. 7035. 7035. 7035.
 7035. 7035. 7035. 7035. 7035. 7035. 7034. 7031. 7031.]",0,
21,21,"[7042. 7042. 7042. 7042. 7042. 7042. 7042. 7042. 7042. 7042. 7042. 7042.
 7042. 7042. 7042. 7042. 7042. 7042. 7042. 7042. 7042. 7042. 7042. 7042.
 7042. 7042. 7042. 7042. 7042. 7042. 7042. 7042. 7042. 7042. 7042. 7042.
 7042. 7042. 7042. 7042. 7042. 7042. 7042. 7042. 7042. 7042. 7042. 7042.
 7042. 7042. 7042. 7042. 7042. 7042. 7042. 7042. 7042. 7042. 7042. 7042.
 7042. 7042. 7042. 7042. 7042. 7042. 7042. 7042. 7042. 7041. 7041. 7041.
 7041. 7041. 7041. 7041. 7041. 7041. 7040. 7040. 7040. 7040. 7040. 7040.
 7040. 7040. 7040. 7040. 7040. 7040. 7040. 7040. 7040. 7040. 7040. 7040.
 7040. 7040. 7040. 7040. 7040. 7039. 7039. 7039. 7039. 7039. 7038. 7038.
 7037. 7037. 7037. 7036. 7036. 7035. 7035. 7035. 7035. 7035. 7035. 7035.
 7035. 7035. 7035. 7035. 7035. 7035. 7034. 7031. 7031.]",0,
22,22,"[7042. 7042. 7042. 7042. 7042. 7042. 7042. 7042. 7042. 7042. 7042. 7042.
 7042. 7042. 7042. 7042. 7042. 7042. 7042. 7042. 7042. 7042. 7042. 7042.
 7042. 7042. 7042. 7042. 7042. 7042. 7042. 7042. 7042. 7042. 7042. 7042.
 7042. 7042. 7042. 7042. 7042. 7042. 7042. 7042. 7042. 7042. 7042. 7042.
 7042. 7042. 7042. 7042. 7042. 7042. 7042. 7042. 7042. 7042. 7042. 7042.
 7042. 7042. 7042. 7042. 7042. 7042. 7042. 7042. 7042. 7041. 7041. 7041.
 7041. 7041. 7041. 7041. 7041. 7041. 7040. 7040. 7040. 7040. 7040. 7040.
 7040. 7040. 7040. 7040. 7040. 7040. 7040. 7040. 7040. 7040. 7040. 7040.
 7040. 7040. 7040. 7040. 7040. 7039. 7039. 7039. 7039. 7039. 7038. 7038.
 7037. 7037. 7037. 7036. 7036. 7035. 7035. 7035. 7035. 7035. 7035. 7035.
 7035. 7035. 7035. 7035. 7035. 7035. 7034. 7031. 7031.]",0,
23,23,"[7042. 7042. 7042. 7042. 7042. 7042. 7042. 7042. 7042. 7042. 7042. 7042.
 7042. 7042. 7042. 7042. 7042. 7042. 7042. 7042. 7042. 7042. 7042. 7042.
 7042. 7042. 7042. 7042. 7042. 7042. 7042. 7042. 7042. 7042. 7042. 7042.
 7042. 7042. 7042. 7042. 7042. 7042. 7042. 7042. 7042. 7042. 7042. 7042.
 7042. 7042. 7042. 7042. 7042. 7042. 7042. 7042. 7042. 7042. 7042. 7042.
 7042. 7042. 7042. 7042. 7042. 7042. 7042. 7042. 7042. 7041. 7041. 7041.
 7041. 7041. 7041. 7041. 7041. 7041. 7040. 7040. 7040. 7040. 7040. 7040.
 7040. 7040. 7040. 7040. 7040. 7040. 7040. 7040. 7040. 7040. 7040. 7040.
 7040. 7040. 7040. 7040. 7040. 7039. 7039. 7039. 7039. 7039. 7038. 7038.
 7037. 7037. 7037. 7036. 7036. 7035. 7035. 7035. 7035. 7035. 7035. 7035.
 7035. 7035. 7035. 7035. 7035. 7035. 7034. 7031. 7031.]",0,
24,24,"[7042. 7042. 7042. 7042. 7042. 7042. 7042. 7042. 7042. 7042. 7042. 7042.
 7042. 7042. 7042. 7042. 7042. 7042. 7042. 7042. 7042. 7042. 7042. 7042.
 7042. 7042. 7042. 7042. 7042. 7042. 7042. 7042. 7042. 7042. 7042. 7042.
 7042. 7042. 7042. 7042. 7042. 7042. 7042. 7042. 7042. 7042. 7042. 7042.
 7042. 7042. 7042. 7042. 7042. 7042. 7042. 7042. 7042. 7042. 7042. 7042.
 7042. 7042. 7042. 7042. 7042. 7042. 7042. 7042. 7042. 7041. 7041. 7041.
 7041. 7041. 7041. 7041. 7041. 7041. 7040. 7040. 7040. 7040. 7040. 7040.
 7040. 7040. 7040. 7040. 7040. 7040. 7040. 7040. 7040. 7040. 7040. 7040.
 7040. 7040. 7040. 7040. 7040. 7039. 7039. 7039. 7039. 7039. 7038. 7038.
 7037. 7037. 7037. 7036. 7036. 7035. 7035. 7035. 7035. 7035. 7035. 7035.
 7035. 7035. 7035. 7035. 7035. 7035. 7034. 7031. 7031.]",0,
25,25,"[7042. 7042. 7042. 7042. 7042. 7042. 7042. 7042. 7042. 7042. 7042. 7042.
 7042. 7042. 7042. 7042. 7042. 7042. 7042. 7042. 7042. 7042. 7042. 7042.
 7042. 7042. 7042. 7042. 7042. 7042. 7042. 7042. 7042. 7042. 7042. 7042.
 7042. 7042. 7042. 7042. 7042. 7042. 7042. 7042. 7042. 7042. 7042. 7042.
 7042. 7042. 7042. 7042. 7042. 7042. 7042. 7042. 7042. 7042. 7042. 7042.
 7042. 7042. 7042. 7042. 7042. 7042. 7042. 7042. 7042. 7041. 7041. 7041.
 7041. 7041. 7041. 7041. 7041. 7041. 7040. 7040. 7040. 7040. 7040. 7040.
 7040. 7040. 7040. 7040. 7040. 7040. 7040. 7040. 7040. 7040. 7040. 7040.
 7040. 7040. 7040. 7040. 7040. 7039. 7039. 7039. 7039. 7039. 7038. 7038.
 7037. 7037. 7037. 7036. 7036. 7035. 7035. 7035. 7035. 7035. 7035. 7035.
 7035. 7035. 7035. 7035. 7035. 7035. 7034. 7031. 7031.]",0,
26,26,"[7042. 7042. 7042. 7042. 7042. 7042. 7042. 7042. 7042. 7042. 7042. 7042.
 7042. 7042. 7042. 7042. 7042. 7042. 7042. 7042. 7042. 7042. 7042. 7042.
 7042. 7042. 7042. 7042. 7042. 7042. 7042. 7042. 7042. 7042. 7042. 7042.
 7042. 7042. 7042. 7042. 7042. 7042. 7042. 7042. 7042. 7042. 7042. 7042.
 7042. 7042. 7042. 7042. 7042. 7042. 7042. 7042. 7042. 7042. 7042. 7042.
 7042. 7042. 7042. 7042. 7042. 7042. 7042. 7042. 7042. 7041. 7041. 7041.
 7041. 7041. 7041. 7041. 7041. 7041. 7040. 7040. 7040. 7040. 7040. 7040.
 7040. 7040. 7040. 7040. 7040. 7040. 7040. 7040. 7040. 7040. 7040. 7040.
 7040. 7040. 7040. 7040. 7040. 7039. 7039. 7039. 7039. 7039. 7038. 7038.
 7037. 7037. 7037. 7036. 7036. 7035. 7035. 7035. 7035. 7035. 7035. 7035.
 7035. 7035. 7035. 7035. 7035. 7035. 7034. 7031. 7031.]",0,
27,27,"[7042. 7042. 7042. 7042. 7042. 7042. 7042. 7042. 7042. 7042. 7042. 7042.
 7042. 7042. 7042. 7042. 7042. 7042. 7042. 7042. 7042. 7042. 7042. 7042.
 7042. 7042. 7042. 7042. 7042. 7042. 7042. 7042. 7042. 7042. 7042. 7042.
 7042. 7042. 7042. 7042. 7042. 7042. 7042. 7042. 7042. 7042. 7042. 7042.
 7042. 7042. 7042. 7042. 7042. 7042. 7042. 7042. 7042. 7042. 7042. 7042.
 7042. 7042. 7042. 7042. 7042. 7042. 7042. 7042. 7042. 7041. 7041. 7041.
 7041. 7041. 7041. 7041. 7041. 7041. 7040. 7040. 7040. 7040. 7040. 7040.
 7040. 7040. 7040. 7040. 7040. 7040. 7040. 7040. 7040. 7040. 7040. 7040.
 7040. 7040. 7040. 7040. 7040. 7039. 7039. 7039. 7039. 7039. 7038. 7038.
 7037. 7037. 7037. 7036. 7036. 7035. 7035. 7035. 7035. 7035. 7035. 7035.
 7035. 7035. 7035. 7035. 7035. 7035. 7034. 7031. 7031.]",0,
28,28,"[7042. 7042. 7042. 7042. 7042. 7042. 7042. 7042. 7042. 7042. 7042. 7042.
 7042. 7042. 7042. 7042. 7042. 7042. 7042. 7042. 7042. 7042. 7042. 7042.
 7042. 7042. 7042. 7042. 7042. 7042. 7042. 7042. 7042. 7042. 7042. 7042.
 7042. 7042. 7042. 7042. 7042. 7042. 7042. 7042. 7042. 7042. 7042. 7042.
 7042. 7042. 7042. 7042. 7042. 7042. 7042. 7042. 7042. 7042. 7042. 7042.
 7042. 7042. 7042. 7042. 7042. 7042. 7042. 7042. 7042. 7041. 7041. 7041.
 7041. 7041. 7041. 7041. 7041. 7041. 7040. 7040. 7040. 7040. 7040. 7040.
 7040. 7040. 7040. 7040. 7040. 7040. 7040. 7040. 7040. 7040. 7040. 7040.
 7040. 7040. 7040. 7040. 7040. 7039. 7039. 7039. 7039. 7039. 7038. 7038.
 7037. 7037. 7037. 7036. 7036. 7035. 7035. 7035. 7035. 7035. 7035. 7035.
 7035. 7035. 7035. 7035. 7035. 7035. 7034. 7031. 7031.]",0,
29,29,"[7042. 7042. 7042. 7042. 7042. 7042. 7042. 7042. 7042. 7042. 7042. 7042.
 7042. 7042. 7042. 7042. 7042. 7042. 7042. 7042. 7042. 7042. 7042. 7042.
 7042. 7042. 7042. 7042. 7042. 7042. 7042. 7042. 7042. 7042. 7042. 7042.
 7042. 7042. 7042. 7042. 7042. 7042. 7042. 7042. 7042. 7042. 7042. 7042.
 7042. 7042. 7042. 7042. 7042. 7042. 7042. 7042. 7042. 7042. 7042. 7042.
 7042. 7042. 7042. 7042. 7042. 7042. 7042. 7042. 7042. 7041. 7041. 7041.
 7041. 7041. 7041. 7041. 7041. 7041. 7040. 7040. 7040. 7040. 7040. 7040.
 7040. 7040. 7040. 7040. 7040. 7040. 7040. 7040. 7040. 7040. 7040. 7040.
 7040. 7040. 7040. 7040. 7040. 7039. 7039. 7039. 7039. 7039. 7038. 7038.
 7037. 7037. 7037. 7036. 7036. 7035. 7035. 7035. 7035. 7035. 7035. 7035.
 7035. 7035. 7035. 7035. 7035. 7035. 7034. 7031. 7031.]",0,
30,30,"[7042. 7042. 7042. 7042. 7042. 7042. 7042. 7042. 7042. 7042. 7042. 7042.
 7042. 7042. 7042. 7042. 7042. 7042. 7042. 7042. 7042. 7042. 7042. 7042.
 7042. 7042. 7042. 7042. 7042. 7042. 7042. 7042. 7042. 7042. 7042. 7042.
 7042. 7042. 7042. 7042. 7042. 7042. 7042. 7042. 7042. 7042. 7042. 7042.
 7042. 7042. 7042. 7042. 7042. 7042. 7042. 7042. 7042. 7042. 7042. 7042.
 7042. 7042. 7042. 7042. 7042. 7042. 7042. 7042. 7042. 7041. 7041. 7041.
 7041. 7041. 7041. 7041. 7041. 7041. 7040. 7040. 7040. 7040. 7040. 7040.
 7040. 7040. 7040. 7040. 7040. 7040. 7040. 7040. 7040. 7040. 7040. 7040.
 7040. 7040. 7040. 7040. 7040. 7039. 7039. 7039. 7039. 7039. 7038. 7038.
 7037. 7037. 7037. 7036. 7036. 7035. 7035. 7035. 7035. 7035. 7035. 7035.
 7035. 7035. 7035. 7035. 7035. 7035. 7034. 7031. 7031.]",0,
31,31,"[7042. 7042. 7042. 7042. 7042. 7042. 7042. 7042. 7042. 7042. 7042. 7042.
 7042. 7042. 7042. 7042. 7042. 7042. 7042. 7042. 7042. 7042. 7042. 7042.
 7042. 7042. 7042. 7042. 7042. 7042. 7042. 7042. 7042. 7042. 7042. 7042.
 7042. 7042. 7042. 7042. 7042. 7042. 7042. 7042. 7042. 7042. 7042. 7042.
 7042. 7042. 7042. 7042. 7042. 7042. 7042. 7042. 7042. 7042. 7042. 7042.
 7042. 7042. 7042. 7042. 7042. 7042. 7042. 7042. 7042. 7041. 7041. 7041.
 7041. 7041. 7041. 7041. 7041. 7041. 7040. 7040. 7040. 7040. 7040. 7040.
 7040. 7040. 7040. 7040. 7040. 7040. 7040. 7040. 7040. 7040. 7040. 7040.
 7040. 7040. 7040. 7040. 7040. 7039. 7039. 7039. 7039. 7039. 7038. 7038.
 7037. 7037. 7037. 7036. 7036. 7035. 7035. 7035. 7035. 7035. 7035. 7035.
 7035. 7035. 7035. 7035. 7035. 7035. 7034. 7031. 7031.]",0,
32,32,"[7042. 7042. 7042. 7042. 7042. 7042. 7042. 7042. 7042. 7042. 7042. 7042.
 7042. 7042. 7042. 7042. 7042. 7042. 7042. 7042. 7042. 7042. 7042. 7042.
 7042. 7042. 7042. 7042. 7042. 7042. 7042. 7042. 7042. 7042. 7042. 7042.
 7042. 7042. 7042. 7042. 7042. 7042. 7042. 7042. 7042. 7042. 7042. 7042.
 7042. 7042. 7042. 7042. 7042. 7042. 7042. 7042. 7042. 7042. 7042. 7042.
 7042. 7042. 7042. 7042. 7042. 7042. 7042. 7042. 7042. 7041. 7041. 7041.
 7041. 7041. 7041. 7041. 7041. 7041. 7040. 7040. 7040. 7040. 7040. 7040.
 7040. 7040. 7040. 7040. 7040. 7040. 7040. 7040. 7040. 7040. 7040. 7040.
 7040. 7040. 7040. 7040. 7040. 7039. 7039. 7039. 7039. 7039. 7038. 7038.
 7037. 7037. 7037. 7036. 7036. 7035. 7035. 7035. 7035. 7035. 7035. 7035.
 7035. 7035. 7035. 7035. 7035. 7035. 7034. 7031. 7031.]",0,
33,33,"[7042. 7042. 7042. 7042. 7042. 7042. 7042. 7042. 7042. 7042. 7042. 7042.
 7042. 7042. 7042. 7042. 7042. 7042. 7042. 7042. 7042. 7042. 7042. 7042.
 7042. 7042. 7042. 7042. 7042. 7042. 7042. 7042. 7042. 7042. 7042. 7042.
 7042. 7042. 7042. 7042. 7042. 7042. 7042. 7042. 7042. 7042. 7042. 7042.
 7042. 7042. 7042. 7042. 7042. 7042. 7042. 7042. 7042. 7042. 7042. 7042.
 7042. 7042. 7042. 7042. 7042. 7042. 7042. 7042. 7042. 7041. 7041. 7041.
 7041. 7041. 7041. 7041. 7041. 7041. 7040. 7040. 7040. 7040. 7040. 7040.
 7040. 7040. 7040. 7040. 7040. 7040. 7040. 7040. 7040. 7040. 7040. 7040.
 7040. 7040. 7040. 7040. 7040. 7039. 7039. 7039. 7039. 7039. 7038. 7038.
 7037. 7037. 7037. 7036. 7036. 7035. 7035. 7035. 7035. 7035. 7035. 7035.
 7035. 7035. 7035. 7035. 7035. 7035. 7034. 7031. 7031.]",0,
34,34,"[7042. 7042. 7042. 7042. 7042. 7042. 7042. 7042. 7042. 7042. 7042. 7042.
 7042. 7042. 7042. 7042. 7042. 7042. 7042. 7042. 7042. 7042. 7042. 7042.
 7042. 7042. 7042. 7042. 7042. 7042. 7042. 7042. 7042. 7042. 7042. 7042.
 7042. 7042. 7042. 7042. 7042. 7042. 7042. 7042. 7042. 7042. 7042. 7042.
 7042. 7042. 7042. 7042. 7042. 7042. 7042. 7042. 7042. 7042. 7042. 7042.
 7042. 7042. 7042. 7042. 7042. 7042. 7042. 7042. 7042. 7041. 7041. 7041.
 7041. 7041. 7041. 7041. 7041. 7041. 7040. 7040. 7040. 7040. 7040. 7040.
 7040. 7040. 7040. 7040. 7040. 7040. 7040. 7040. 7040. 7040. 7040. 7040.
 7040. 7040. 7040. 7040. 7040. 7039. 7039. 7039. 7039. 7039. 7038. 7038.
 7037. 7037. 7037. 7036. 7036. 7035. 7035. 7035. 7035. 7035. 7035. 7035.
 7035. 7035. 7035. 7035. 7035. 7035. 7034. 7031. 7031.]",0,
35,35,"[7042. 7042. 7042. 7042. 7042. 7042. 7042. 7042. 7042. 7042. 7042. 7042.
 7042. 7042. 7042. 7042. 7042. 7042. 7042. 7042. 7042. 7042. 7042. 7042.
 7042. 7042. 7042. 7042. 7042. 7042. 7042. 7042. 7042. 7042. 7042. 7042.
 7042. 7042. 7042. 7042. 7042. 7042. 7042. 7042. 7042. 7042. 7042. 7042.
 7042. 7042. 7042. 7042. 7042. 7042. 7042. 7042. 7042. 7042. 7042. 7042.
 7042. 7042. 7042. 7042. 7042. 7042. 7042. 7042. 7042. 7041. 7041. 7041.
 7041. 7041. 7041. 7041. 7041. 7041. 7040. 7040. 7040. 7040. 7040. 7040.
 7040. 7040. 7040. 7040. 7040. 7040. 7040. 7040. 7040. 7040. 7040. 7040.
 7040. 7040. 7040. 7040. 7040. 7039. 7039. 7039. 7039. 7039. 7038. 7038.
 7037. 7037. 7037. 7036. 7036. 7035. 7035. 7035. 7035. 7035. 7035. 7035.
 7035. 7035. 7035. 7035. 7035. 7035. 7034. 7031. 7031.]",0,
36,36,"[7042. 7042. 7042. 7042. 7042. 7042. 7042. 7042. 7042. 7042. 7042. 7042.
 7042. 7042. 7042. 7042. 7042. 7042. 7042. 7042. 7042. 7042. 7042. 7042.
 7042. 7042. 7042. 7042. 7042. 7042. 7042. 7042. 7042. 7042. 7042. 7042.
 7042. 7042. 7042. 7042. 7042. 7042. 7042. 7042. 7042. 7042. 7042. 7042.
 7042. 7042. 7042. 7042. 7042. 7042. 7042. 7042. 7042. 7042. 7042. 7042.
 7042. 7042. 7042. 7042. 7042. 7042. 7042. 7042. 7042. 7041. 7041. 7041.
 7041. 7041. 7041. 7041. 7041. 7041. 7040. 7040. 7040. 7040. 7040. 7040.
 7040. 7040. 7040. 7040. 7040. 7040. 7040. 7040. 7040. 7040. 7040. 7040.
 7040. 7040. 7040. 7040. 7040. 7039. 7039. 7039. 7039. 7039. 7038. 7038.
 7037. 7037. 7037. 7036. 7036. 7035. 7035. 7035. 7035. 7035. 7035. 7035.
 7035. 7035. 7035. 7035. 7035. 7035. 7034. 7031. 7031.]",0,
37,37,"[7042. 7042. 7042. 7042. 7042. 7042. 7042. 7042. 7042. 7042. 7042. 7042.
 7042. 7042. 7042. 7042. 7042. 7042. 7042. 7042. 7042. 7042. 7042. 7042.
 7042. 7042. 7042. 7042. 7042. 7042. 7042. 7042. 7042. 7042. 7042. 7042.
 7042. 7042. 7042. 7042. 7042. 7042. 7042. 7042. 7042. 7042. 7042. 7042.
 7042. 7042. 7042. 7042. 7042. 7042. 7042. 7042. 7042. 7042. 7042. 7042.
 7042. 7042. 7042. 7042. 7042. 7042. 7042. 7042. 7042. 7041. 7041. 7041.
 7041. 7041. 7041. 7041. 7041. 7041. 7040. 7040. 7040. 7040. 7040. 7040.
 7040. 7040. 7040. 7040. 7040. 7040. 7040. 7040. 7040. 7040. 7040. 7040.
 7040. 7040. 7040. 7040. 7040. 7039. 7039. 7039. 7039. 7039. 7038. 7038.
 7037. 7037. 7037. 7036. 7036. 7035. 7035. 7035. 7035. 7035. 7035. 7035.
 7035. 7035. 7035. 7035. 7035. 7035. 7034. 7031. 7031.]",0,
38,38,"[7042. 7042. 7042. 7042. 7042. 7042. 7042. 7042. 7042. 7042. 7042. 7042.
 7042. 7042. 7042. 7042. 7042. 7042. 7042. 7042. 7042. 7042. 7042. 7042.
 7042. 7042. 7042. 7042. 7042. 7042. 7042. 7042. 7042. 7042. 7042. 7042.
 7042. 7042. 7042. 7042. 7042. 7042. 7042. 7042. 7042. 7042. 7042. 7042.
 7042. 7042. 7042. 7042. 7042. 7042. 7042. 7042. 7042. 7042. 7042. 7042.
 7042. 7042. 7042. 7042. 7042. 7042. 7042. 7042. 7042. 7041. 7041. 7041.
 7041. 7041. 7041. 7041. 7041. 7041. 7040. 7040. 7040. 7040. 7040. 7040.
 7040. 7040. 7040. 7040. 7040. 7040. 7040. 7040. 7040. 7040. 7040. 7040.
 7040. 7040. 7040. 7040. 7040. 7039. 7039. 7039. 7039. 7039. 7038. 7038.
 7037. 7037. 7037. 7036. 7036. 7035. 7035. 7035. 7035. 7035. 7035. 7035.
 7035. 7035. 7035. 7035. 7035. 7035. 7034. 7031. 7031.]",0,
39,39,"[7042. 7042. 7042. 7042. 7042. 7042. 7042. 7042. 7042. 7042. 7042. 7042.
 7042. 7042. 7042. 7042. 7042. 7042. 7042. 7042. 7042. 7042. 7042. 7042.
 7042. 7042. 7042. 7042. 7042. 7042. 7042. 7042. 7042. 7042. 7042. 7042.
 7042. 7042. 7042. 7042. 7042. 7042. 7042. 7042. 7042. 7042. 7042. 7042.
 7042. 7042. 7042. 7042. 7042. 7042. 7042. 7042. 7042. 7042. 7042. 7042.
 7042. 7042. 7042. 7042. 7042. 7042. 7042. 7042. 7042. 7041. 7041. 7041.
 7041. 7041. 7041. 7041. 7041. 7041. 7040. 7040. 7040. 7040. 7040. 7040.
 7040. 7040. 7040. 7040. 7040. 7040. 7040. 7040. 7040. 7040. 7040. 7040.
 7040. 7040. 7040. 7040. 7040. 7039. 7039. 7039. 7039. 7039. 7038. 7038.
 7037. 7037. 7037. 7036. 7036. 7035. 7035. 7035. 7035. 7035. 7035. 7035.
 7035. 7035. 7035. 7035. 7035. 7035. 7034. 7031. 7031.]",0,
40,40,"[7042. 7042. 7042. 7042. 7042. 7042. 7042. 7042. 7042. 7042. 7042. 7042.
 7042. 7042. 7042. 7042. 7042. 7042. 7042. 7042. 7042. 7042. 7042. 7042.
 7042. 7042. 7042. 7042. 7042. 7042. 7042. 7042. 7042. 7042. 7042. 7042.
 7042. 7042. 7042. 7042. 7042. 7042. 7042. 7042. 7042. 7042. 7042. 7042.
 7042. 7042. 7042. 7042. 7042. 7042. 7042. 7042. 7042. 7042. 7042. 7042.
 7042. 7042. 7042. 7042. 7042. 7042. 7042. 7042. 7042. 7041. 7041. 7041.
 7041. 7041. 7041. 7041. 7041. 7041. 7040. 7040. 7040. 7040. 7040. 7040.
 7040. 7040. 7040. 7040. 7040. 7040. 7040. 7040. 7040. 7040. 7040. 7040.
 7040. 7040. 7040. 7040. 7040. 7039. 7039. 7039. 7039. 7039. 7038. 7038.
 7037. 7037. 7037. 7036. 7036. 7035. 7035. 7035. 7035. 7035. 7035. 7035.
 7035. 7035. 7035. 7035. 7035. 7035. 7034. 7031. 7031.]",0,
41,41,"[7042. 7042. 7042. 7042. 7042. 7042. 7042. 7042. 7042. 7042. 7042. 7042.
 7042. 7042. 7042. 7042. 7042. 7042. 7042. 7042. 7042. 7042. 7042. 7042.
 7042. 7042. 7042. 7042. 7042. 7042. 7042. 7042. 7042. 7042. 7042. 7042.
 7042. 7042. 7042. 7042. 7042. 7042. 7042. 7042. 7042. 7042. 7042. 7042.
 7042. 7042. 7042. 7042. 7042. 7042. 7042. 7042. 7042. 7042. 7042. 7042.
 7042. 7042. 7042. 7042. 7042. 7042. 7042. 7042. 7042. 7041. 7041. 7041.
 7041. 7041. 7041. 7041. 7041. 7041. 7040. 7040. 7040. 7040. 7040. 7040.
 7040. 7040. 7040. 7040. 7040. 7040. 7040. 7040. 7040. 7040. 7040. 7040.
 7040. 7040. 7040. 7040. 7040. 7039. 7039. 7039. 7039. 7039. 7038. 7038.
 7037. 7037. 7037. 7036. 7036. 7035. 7035. 7035. 7035. 7035. 7035. 7035.
 7035. 7035. 7035. 7035. 7035. 7035. 7034. 7031. 7031.]",0,
42,42,"[7042. 7042. 7042. 7042. 7042. 7042. 7042. 7042. 7042. 7042. 7042. 7042.
 7042. 7042. 7042. 7042. 7042. 7042. 7042. 7042. 7042. 7042. 7042. 7042.
 7042. 7042. 7042. 7042. 7042. 7042. 7042. 7042. 7042. 7042. 7042. 7042.
 7042. 7042. 7042. 7042. 7042. 7042. 7042. 7042. 7042. 7042. 7042. 7042.
 7042. 7042. 7042. 7042. 7042. 7042. 7042. 7042. 7042. 7042. 7042. 7042.
 7042. 7042. 7042. 7042. 7042. 7042. 7042. 7042. 7042. 7041. 7041. 7041.
 7041. 7041. 7041. 7041. 7041. 7041. 7040. 7040. 7040. 7040. 7040. 7040.
 7040. 7040. 7040. 7040. 7040. 7040. 7040. 7040. 7040. 7040. 7040. 7040.
 7040. 7040. 7040. 7040. 7040. 7039. 7039. 7039. 7039. 7039. 7038. 7038.
 7037. 7037. 7037. 7036. 7036. 7035. 7035. 7035. 7035. 7035. 7035. 7035.
 7035. 7035. 7035. 7035. 7035. 7035. 7034. 7031. 7031.]",0,
43,43,"[7042. 7042. 7042. 7042. 7042. 7042. 7042. 7042. 7042. 7042. 7042. 7042.
 7042. 7042. 7042. 7042. 7042. 7042. 7042. 7042. 7042. 7042. 7042. 7042.
 7042. 7042. 7042. 7042. 7042. 7042. 7042. 7042. 7042. 7042. 7042. 7042.
 7042. 7042. 7042. 7042. 7042. 7042. 7042. 7042. 7042. 7042. 7042. 7042.
 7042. 7042. 7042. 7042. 7042. 7042. 7042. 7042. 7042. 7042. 7042. 7042.
 7042. 7042. 7042. 7042. 7042. 7042. 7042. 7042. 7042. 7041. 7041. 7041.
 7041. 7041. 7041. 7041. 7041. 7041. 7040. 7040. 7040. 7040. 7040. 7040.
 7040. 7040. 7040. 7040. 7040. 7040. 7040. 7040. 7040. 7040. 7040. 7040.
 7040. 7040. 7040. 7040. 7040. 7039. 7039. 7039. 7039. 7039. 7038. 7038.
 7037. 7037. 7037. 7036. 7036. 7035. 7035. 7035. 7035. 7035. 7035. 7035.
 7035. 7035. 7035. 7035. 7035. 7035. 7034. 7031. 7031.]",0,
44,44,"[7042. 7042. 7042. 7042. 7042. 7042. 7042. 7042. 7042. 7042. 7042. 7042.
 7042. 7042. 7042. 7042. 7042. 7042. 7042. 7042. 7042. 7042. 7042. 7042.
 7042. 7042. 7042. 7042. 7042. 7042. 7042. 7042. 7042. 7042. 7042. 7042.
 7042. 7042. 7042. 7042. 7042. 7042. 7042. 7042. 7042. 7042. 7042. 7042.
 7042. 7042. 7042. 7042. 7042. 7042. 7042. 7042. 7042. 7042. 7042. 7042.
 7042. 7042. 7042. 7042. 7042. 7042. 7042. 7042. 7042. 7041. 7041. 7041.
 7041. 7041. 7041. 7041. 7041. 7041. 7040. 7040. 7040. 7040. 7040. 7040.
 7040. 7040. 7040. 7040. 7040. 7040. 7040. 7040. 7040. 7040. 7040. 7040.
 7040. 7040. 7040. 7040. 7040. 7039. 7039. 7039. 7039. 7039. 7038. 7038.
 7037. 7037. 7037. 7036. 7036. 7035. 7035. 7035. 7035. 7035. 7035. 7035.
 7035. 7035. 7035. 7035. 7035. 7035. 7034. 7031. 7031.]",0,
45,45,"[7042. 7042. 7042. 7042. 7042. 7042. 7042. 7042. 7042. 7042. 7042. 7042.
 7042. 7042. 7042. 7042. 7042. 7042. 7042. 7042. 7042. 7042. 7042. 7042.
 7042. 7042. 7042. 7042. 7042. 7042. 7042. 7042. 7042. 7042. 7042. 7042.
 7042. 7042. 7042. 7042. 7042. 7042. 7042. 7042. 7042. 7042. 7042. 7042.
 7042. 7042. 7042. 7042. 7042. 7042. 7042. 7042. 7042. 7042. 7042. 7042.
 7042. 7042. 7042. 7042. 7042. 7042. 7042. 7042. 7042. 7041. 7041. 7041.
 7041. 7041. 7041. 7041. 7041. 7041. 7040. 7040. 7040. 7040. 7040. 7040.
 7040. 7040. 7040. 7040. 7040. 7040. 7040. 7040. 7040. 7040. 7040. 7040.
 7040. 7040. 7040. 7040. 7040. 7039. 7039. 7039. 7039. 7039. 7038. 7038.
 7037. 7037. 7037. 7036. 7036. 7035. 7035. 7035. 7035. 7035. 7035. 7035.
 7035. 7035. 7035. 7035. 7035. 7035. 7034. 7031. 7031.]",0,
46,46,"[7042. 7042. 7042. 7042. 7042. 7042. 7042. 7042. 7042. 7042. 7042. 7042.
 7042. 7042. 7042. 7042. 7042. 7042. 7042. 7042. 7042. 7042. 7042. 7042.
 7042. 7042. 7042. 7042. 7042. 7042. 7042. 7042. 7042. 7042. 7042. 7042.
 7042. 7042. 7042. 7042. 7042. 7042. 7042. 7042. 7042. 7042. 7042. 7042.
 7042. 7042. 7042. 7042. 7042. 7042. 7042. 7042. 7042. 7042. 7042. 7042.
 7042. 7042. 7042. 7042. 7042. 7042. 7042. 7042. 7042. 7041. 7041. 7041.
 7041. 7041. 7041. 7041. 7041. 7041. 7040. 7040. 7040. 7040. 7040. 7040.
 7040. 7040. 7040. 7040. 7040. 7040. 7040. 7040. 7040. 7040. 7040. 7040.
 7040. 7040. 7040. 7040. 7040. 7039. 7039. 7039. 7039. 7039. 7038. 7038.
 7037. 7037. 7037. 7036. 7036. 7035. 7035. 7035. 7035. 7035. 7035. 7035.
 7035. 7035. 7035. 7035. 7035. 7035. 7034. 7031. 7031.]",0,
47,47,"[7042. 7042. 7042. 7042. 7042. 7042. 7042. 7042. 7042. 7042. 7042. 7042.
 7042. 7042. 7042. 7042. 7042. 7042. 7042. 7042. 7042. 7042. 7042. 7042.
 7042. 7042. 7042. 7042. 7042. 7042. 7042. 7042. 7042. 7042. 7042. 7042.
 7042. 7042. 7042. 7042. 7042. 7042. 7042. 7042. 7042. 7042. 7042. 7042.
 7042. 7042. 7042. 7042. 7042. 7042. 7042. 7042. 7042. 7042. 7042. 7042.
 7042. 7042. 7042. 7042. 7042. 7042. 7042. 7042. 7042. 7041. 7041. 7041.
 7041. 7041. 7041. 7041. 7041. 7041. 7040. 7040. 7040. 7040. 7040. 7040.
 7040. 7040. 7040. 7040. 7040. 7040. 7040. 7040. 7040. 7040. 7040. 7040.
 7040. 7040. 7040. 7040. 7040. 7039. 7039. 7039. 7039. 7039. 7038. 7038.
 7037. 7037. 7037. 7036. 7036. 7035. 7035. 7035. 7035. 7035. 7035. 7035.
 7035. 7035. 7035. 7035. 7035. 7035. 7034. 7031. 7031.]",0,
48,48,"[7042. 7042. 7042. 7042. 7042. 7042. 7042. 7042. 7042. 7042. 7042. 7042.
 7042. 7042. 7042. 7042. 7042. 7042. 7042. 7042. 7042. 7042. 7042. 7042.
 7042. 7042. 7042. 7042. 7042. 7042. 7042. 7042. 7042. 7042. 7042. 7042.
 7042. 7042. 7042. 7042. 7042. 7042. 7042. 7042. 7042. 7042. 7042. 7042.
 7042. 7042. 7042. 7042. 7042. 7042. 7042. 7042. 7042. 7042. 7042. 7042.
 7042. 7042. 7042. 7042. 7042. 7042. 7042. 7042. 7042. 7041. 7041. 7041.
 7041. 7041. 7041. 7041. 7041. 7041. 7040. 7040. 7040. 7040. 7040. 7040.
 7040. 7040. 7040. 7040. 7040. 7040. 7040. 7040. 7040. 7040. 7040. 7040.
 7040. 7040. 7040. 7040. 7040. 7039. 7039. 7039. 7039. 7039. 7038. 7038.
 7037. 7037. 7037. 7036. 7036. 7035. 7035. 7035. 7035. 7035. 7035. 7035.
 7035. 7035. 7035. 7035. 7035. 7035. 7034. 7031. 7031.]",0,
49,49,"[7042. 7042. 7042. 7042. 7042. 7042. 7042. 7042. 7042. 7042. 7042. 7042.
 7042. 7042. 7042. 7042. 7042. 7042. 7042. 7042. 7042. 7042. 7042. 7042.
 7042. 7042. 7042. 7042. 7042. 7042. 7042. 7042. 7042. 7042. 7042. 7042.
 7042. 7042. 7042. 7042. 7042. 7042. 7042. 7042. 7042. 7042. 7042. 7042.
 7042. 7042. 7042. 7042. 7042. 7042. 7042. 7042. 7042. 7042. 7042. 7042.
 7042. 7042. 7042. 7042. 7042. 7042. 7042. 7042. 7042. 7041. 7041. 7041.
 7041. 7041. 7041. 7041. 7041. 7041. 7040. 7040. 7040. 7040. 7040. 7040.
 7040. 7040. 7040. 7040. 7040. 7040. 7040. 7040. 7040. 7040. 7040. 7040.
 7040. 7040. 7040. 7040. 7040. 7039. 7039. 7039. 7039. 7039. 7038. 7038.
 7037. 7037. 7037. 7036. 7036. 7035. 7035. 7035. 7035. 7035. 7035. 7035.
 7035. 7035. 7035. 7035. 7035. 7035. 7034. 7031. 7031.]",0,
50,50,"[7042. 7042. 7042. 7042. 7042. 7042. 7042. 7042. 7042. 7042. 7042. 7042.
 7042. 7042. 7042. 7042. 7042. 7042. 7042. 7042. 7042. 7042. 7042. 7042.
 7042. 7042. 7042. 7042. 7042. 7042. 7042. 7042. 7042. 7042. 7042. 7042.
 7042. 7042. 7042. 7042. 7042. 7042. 7042. 7042. 7042. 7042. 7042. 7042.
 7042. 7042. 7042. 7042. 7042. 7042. 7042. 7042. 7042. 7042. 7042. 7042.
 7042. 7042. 7042. 7042. 7042. 7042. 7042. 7042. 7042. 7041. 7041. 7041.
 7041. 7041. 7041. 7041. 7041. 7041. 7040. 7040. 7040. 7040. 7040. 7040.
 7040. 7040. 7040. 7040. 7040. 7040. 7040. 7040. 7040. 7040. 7040. 7040.
 7040. 7040. 7040. 7040. 7040. 7039. 7039. 7039. 7039. 7039. 7038. 7038.
 7037. 7037. 7037. 7036. 7036. 7035. 7035. 7035. 7035. 7035. 7035. 7035.
 7035. 7035. 7035. 7035. 7035. 7035. 7034. 7031. 7031.]",0,
51,51,"[7042. 7042. 7042. 7042. 7042. 7042. 7042. 7042. 7042. 7042. 7042. 7042.
 7042. 7042. 7042. 7042. 7042. 7042. 7042. 7042. 7042. 7042. 7042. 7042.
 7042. 7042. 7042. 7042. 7042. 7042. 7042. 7042. 7042. 7042. 7042. 7042.
 7042. 7042. 7042. 7042. 7042. 7042. 7042. 7042. 7042. 7042. 7042. 7042.
 7042. 7042. 7042. 7042. 7042. 7042. 7042. 7042. 7042. 7042. 7042. 7042.
 7042. 7042. 7042. 7042. 7042. 7042. 7042. 7042. 7042. 7041. 7041. 7041.
 7041. 7041. 7041. 7041. 7041. 7041. 7040. 7040. 7040. 7040. 7040. 7040.
 7040. 7040. 7040. 7040. 7040. 7040. 7040. 7040. 7040. 7040. 7040. 7040.
 7040. 7040. 7040. 7040. 7040. 7039. 7039. 7039. 7039. 7039. 7038. 7038.
 7037. 7037. 7037. 7036. 7036. 7035. 7035. 7035. 7035. 7035. 7035. 7035.
 7035. 7035. 7035. 7035. 7035. 7035. 7034. 7031. 7031.]",0,
52,52,"[7042. 7042. 7042. 7042. 7042. 7042. 7042. 7042. 7042. 7042. 7042. 7042.
 7042. 7042. 7042. 7042. 7042. 7042. 7042. 7042. 7042. 7042. 7042. 7042.
 7042. 7042. 7042. 7042. 7042. 7042. 7042. 7042. 7042. 7042. 7042. 7042.
 7042. 7042. 7042. 7042. 7042. 7042. 7042. 7042. 7042. 7042. 7042. 7042.
 7042. 7042. 7042. 7042. 7042. 7042. 7042. 7042. 7042. 7042. 7042. 7042.
 7042. 7042. 7042. 7042. 7042. 7042. 7042. 7042. 7042. 7041. 7041. 7041.
 7041. 7041. 7041. 7041. 7041. 7041. 7040. 7040. 7040. 7040. 7040. 7040.
 7040. 7040. 7040. 7040. 7040. 7040. 7040. 7040. 7040. 7040. 7040. 7040.
 7040. 7040. 7040. 7040. 7040. 7039. 7039. 7039. 7039. 7039. 7038. 7038.
 7037. 7037. 7037. 7036. 7036. 7035. 7035. 7035. 7035. 7035. 7035. 7035.
 7035. 7035. 7035. 7035. 7035. 7035. 7034. 7031. 7031.]",0,
53,53,"[7042. 7042. 7042. 7042. 7042. 7042. 7042. 7042. 7042. 7042. 7042. 7042.
 7042. 7042. 7042. 7042. 7042. 7042. 7042. 7042. 7042. 7042. 7042. 7042.
 7042. 7042. 7042. 7042. 7042. 7042. 7042. 7042. 7042. 7042. 7042. 7042.
 7042. 7042. 7042. 7042. 7042. 7042. 7042. 7042. 7042. 7042. 7042. 7042.
 7042. 7042. 7042. 7042. 7042. 7042. 7042. 7042. 7042. 7042. 7042. 7042.
 7042. 7042. 7042. 7042. 7042. 7042. 7042. 7042. 7042. 7041. 7041. 7041.
 7041. 7041. 7041. 7041. 7041. 7041. 7040. 7040. 7040. 7040. 7040. 7040.
 7040. 7040. 7040. 7040. 7040. 7040. 7040. 7040. 7040. 7040. 7040. 7040.
 7040. 7040. 7040. 7040. 7040. 7039. 7039. 7039. 7039. 7039. 7038. 7038.
 7037. 7037. 7037. 7036. 7036. 7035. 7035. 7035. 7035. 7035. 7035. 7035.
 7035. 7035. 7035. 7035. 7035. 7035. 7034. 7031. 7031.]",0,
54,54,"[7042. 7042. 7042. 7042. 7042. 7042. 7042. 7042. 7042. 7042. 7042. 7042.
 7042. 7042. 7042. 7042. 7042. 7042. 7042. 7042. 7042. 7042. 7042. 7042.
 7042. 7042. 7042. 7042. 7042. 7042. 7042. 7042. 7042. 7042. 7042. 7042.
 7042. 7042. 7042. 7042. 7042. 7042. 7042. 7042. 7042. 7042. 7042. 7042.
 7042. 7042. 7042. 7042. 7042. 7042. 7042. 7042. 7042. 7042. 7042. 7042.
 7042. 7042. 7042. 7042. 7042. 7042. 7042. 7042. 7042. 7041. 7041. 7041.
 7041. 7041. 7041. 7041. 7041. 7041. 7040. 7040. 7040. 7040. 7040. 7040.
 7040. 7040. 7040. 7040. 7040. 7040. 7040. 7040. 7040. 7040. 7040. 7040.
 7040. 7040. 7040. 7040. 7040. 7039. 7039. 7039. 7039. 7039. 7038. 7038.
 7037. 7037. 7037. 7036. 7036. 7035. 7035. 7035. 7035. 7035. 7035. 7035.
 7035. 7035. 7035. 7035. 7035. 7035. 7034. 7031. 7031.]",0,
55,55,"[7042. 7042. 7042. 7042. 7042. 7042. 7042. 7042. 7042. 7042. 7042. 7042.
 7042. 7042. 7042. 7042. 7042. 7042. 7042. 7042. 7042. 7042. 7042. 7042.
 7042. 7042. 7042. 7042. 7042. 7042. 7042. 7042. 7042. 7042. 7042. 7042.
 7042. 7042. 7042. 7042. 7042. 7042. 7042. 7042. 7042. 7042. 7042. 7042.
 7042. 7042. 7042. 7042. 7042. 7042. 7042. 7042. 7042. 7042. 7042. 7042.
 7042. 7042. 7042. 7042. 7042. 7042. 7042. 7042. 7042. 7041. 7041. 7041.
 7041. 7041. 7041. 7041. 7041. 7041. 7040. 7040. 7040. 7040. 7040. 7040.
 7040. 7040. 7040. 7040. 7040. 7040. 7040. 7040. 7040. 7040. 7040. 7040.
 7040. 7040. 7040. 7040. 7040. 7039. 7039. 7039. 7039. 7039. 7038. 7038.
 7037. 7037. 7037. 7036. 7036. 7035. 7035. 7035. 7035. 7035. 7035. 7035.
 7035. 7035. 7035. 7035. 7035. 7035. 7034. 7031. 7031.]",0,
56,56,"[7042. 7042. 7042. 7042. 7042. 7042. 7042. 7042. 7042. 7042. 7042. 7042.
 7042. 7042. 7042. 7042. 7042. 7042. 7042. 7042. 7042. 7042. 7042. 7042.
 7042. 7042. 7042. 7042. 7042. 7042. 7042. 7042. 7042. 7042. 7042. 7042.
 7042. 7042. 7042. 7042. 7042. 7042. 7042. 7042. 7042. 7042. 7042. 7042.
 7042. 7042. 7042. 7042. 7042. 7042. 7042. 7042. 7042. 7042. 7042. 7042.
 7042. 7042. 7042. 7042. 7042. 7042. 7042. 7042. 7042. 7041. 7041. 7041.
 7041. 7041. 7041. 7041. 7041. 7041. 7040. 7040. 7040. 7040. 7040. 7040.
 7040. 7040. 7040. 7040. 7040. 7040. 7040. 7040. 7040. 7040. 7040. 7040.
 7040. 7040. 7040. 7040. 7040. 7039. 7039. 7039. 7039. 7039. 7038. 7038.
 7037. 7037. 7037. 7036. 7036. 7035. 7035. 7035. 7035. 7035. 7035. 7035.
 7035. 7035. 7035. 7035. 7035. 7035. 7034. 7031. 7031.]",0,
57,57,"[7042. 7042. 7042. 7042. 7042. 7042. 7042. 7042. 7042. 7042. 7042. 7042.
 7042. 7042. 7042. 7042. 7042. 7042. 7042. 7042. 7042. 7042. 7042. 7042.
 7042. 7042. 7042. 7042. 7042. 7042. 7042. 7042. 7042. 7042. 7042. 7042.
 7042. 7042. 7042. 7042. 7042. 7042. 7042. 7042. 7042. 7042. 7042. 7042.
 7042. 7042. 7042. 7042. 7042. 7042. 7042. 7042. 7042. 7042. 7042. 7042.
 7042. 7042. 7042. 7042. 7042. 7042. 7042. 7042. 7042. 7041. 7041. 7041.
 7041. 7041. 7041. 7041. 7041. 7041. 7040. 7040. 7040. 7040. 7040. 7040.
 7040. 7040. 7040. 7040. 7040. 7040. 7040. 7040. 7040. 7040. 7040. 7040.
 7040. 7040. 7040. 7040. 7040. 7039. 7039. 7039. 7039. 7039. 7038. 7038.
 7037. 7037. 7037. 7036. 7036. 7035. 7035. 7035. 7035. 7035. 7035. 7035.
 7035. 7035. 7035. 7035. 7035. 7035. 7034. 7031. 7031.]",0,
58,58,"[7042. 7042. 7042. 7042. 7042. 7042. 7042. 7042. 7042. 7042. 7042. 7042.
 7042. 7042. 7042. 7042. 7042. 7042. 7042. 7042. 7042. 7042. 7042. 7042.
 7042. 7042. 7042. 7042. 7042. 7042. 7042. 7042. 7042. 7042. 7042. 7042.
 7042. 7042. 7042. 7042. 7042. 7042. 7042. 7042. 7042. 7042. 7042. 7042.
 7042. 7042. 7042. 7042. 7042. 7042. 7042. 7042. 7042. 7042. 7042. 7042.
 7042. 7042. 7042. 7042. 7042. 7042. 7042. 7042. 7042. 7041. 7041. 7041.
 7041. 7041. 7041. 7041. 7041. 7041. 7040. 7040. 7040. 7040. 7040. 7040.
 7040. 7040. 7040. 7040. 7040. 7040. 7040. 7040. 7040. 7040. 7040. 7040.
 7040. 7040. 7040. 7040. 7040. 7039. 7039. 7039. 7039. 7039. 7038. 7038.
 7037. 7037. 7037. 7036. 7036. 7035. 7035. 7035. 7035. 7035. 7035. 7035.
 7035. 7035. 7035. 7035. 7035. 7035. 7034. 7031. 7031.]",0,
59,59,"[7042. 7042. 7042. 7042. 7042. 7042. 7042. 7042. 7042. 7042. 7042. 7042.
 7042. 7042. 7042. 7042. 7042. 7042. 7042. 7042. 7042. 7042. 7042. 7042.
 7042. 7042. 7042. 7042. 7042. 7042. 7042. 7042. 7042. 7042. 7042. 7042.
 7042. 7042. 7042. 7042. 7042. 7042. 7042. 7042. 7042. 7042. 7042. 7042.
 7042. 7042. 7042. 7042. 7042. 7042. 7042. 7042. 7042. 7042. 7042. 7042.
 7042. 7042. 7042. 7042. 7042. 7042. 7042. 7042. 7042. 7041. 7041. 7041.
 7041. 7041. 7041. 7041. 7041. 7041. 7040. 7040. 7040. 7040. 7040. 7040.
 7040. 7040. 7040. 7040. 7040. 7040. 7040. 7040. 7040. 7040. 7040. 7040.
 7040. 7040. 7040. 7040. 7040. 7039. 7039. 7039. 7039. 7039. 7038. 7038.
 7037. 7037. 7037. 7036. 7036. 7035. 7035. 7035. 7035. 7035. 7035. 7035.
 7035. 7035. 7035. 7035. 7035. 7035. 7034. 7031. 7031.]",0,
60,60,"[7042. 7042. 7042. 7042. 7042. 7042. 7042. 7042. 7042. 7042. 7042. 7042.
 7042. 7042. 7042. 7042. 7042. 7042. 7042. 7042. 7042. 7042. 7042. 7042.
 7042. 7042. 7042. 7042. 7042. 7042. 7042. 7042. 7042. 7042. 7042. 7042.
 7042. 7042. 7042. 7042. 7042. 7042. 7042. 7042. 7042. 7042. 7042. 7042.
 7042. 7042. 7042. 7042. 7042. 7042. 7042. 7042. 7042. 7042. 7042. 7042.
 7042. 7042. 7042. 7042. 7042. 7042. 7042. 7042. 7042. 7041. 7041. 7041.
 7041. 7041. 7041. 7041. 7041. 7041. 7040. 7040. 7040. 7040. 7040. 7040.
 7040. 7040. 7040. 7040. 7040. 7040. 7040. 7040. 7040. 7040. 7040. 7040.
 7040. 7040. 7040. 7040. 7040. 7039. 7039. 7039. 7039. 7039. 7038. 7038.
 7037. 7037. 7037. 7036. 7036. 7035. 7035. 7035. 7035. 7035. 7035. 7035.
 7035. 7035. 7035. 7035. 7035. 7035. 7034. 7031. 7031.]",0,
61,61,"[7042. 7042. 7042. 7042. 7042. 7042. 7042. 7042. 7042. 7042. 7042. 7042.
 7042. 7042. 7042. 7042. 7042. 7042. 7042. 7042. 7042. 7042. 7042. 7042.
 7042. 7042. 7042. 7042. 7042. 7042. 7042. 7042. 7042. 7042. 7042. 7042.
 7042. 7042. 7042. 7042. 7042. 7042. 7042. 7042. 7042. 7042. 7042. 7042.
 7042. 7042. 7042. 7042. 7042. 7042. 7042. 7042. 7042. 7042. 7042. 7042.
 7042. 7042. 7042. 7042. 7042. 7042. 7042. 7042. 7042. 7041. 7041. 7041.
 7041. 7041. 7041. 7041. 7041. 7041. 7040. 7040. 7040. 7040. 7040. 7040.
 7040. 7040. 7040. 7040. 7040. 7040. 7040. 7040. 7040. 7040. 7040. 7040.
 7040. 7040. 7040. 7040. 7040. 7039. 7039. 7039. 7039. 7039. 7038. 7038.
 7037. 7037. 7037. 7036. 7036. 7035. 7035. 7035. 7035. 7035. 7035. 7035.
 7035. 7035. 7035. 7035. 7035. 7035. 7034. 7031. 7031.]",0,
62,62,"[7042. 7042. 7042. 7042. 7042. 7042. 7042. 7042. 7042. 7042. 7042. 7042.
 7042. 7042. 7042. 7042. 7042. 7042. 7042. 7042. 7042. 7042. 7042. 7042.
 7042. 7042. 7042. 7042. 7042. 7042. 7042. 7042. 7042. 7042. 7042. 7042.
 7042. 7042. 7042. 7042. 7042. 7042. 7042. 7042. 7042. 7042. 7042. 7042.
 7042. 7042. 7042. 7042. 7042. 7042. 7042. 7042. 7042. 7042. 7042. 7042.
 7042. 7042. 7042. 7042. 7042. 7042. 7042. 7042. 7042. 7041. 7041. 7041.
 7041. 7041. 7041. 7041. 7041. 7041. 7040. 7040. 7040. 7040. 7040. 7040.
 7040. 7040. 7040. 7040. 7040. 7040. 7040. 7040. 7040. 7040. 7040. 7040.
 7040. 7040. 7040. 7040. 7040. 7039. 7039. 7039. 7039. 7039. 7038. 7038.
 7037. 7037. 7037. 7036. 7036. 7035. 7035. 7035. 7035. 7035. 7035. 7035.
 7035. 7035. 7035. 7035. 7035. 7035. 7034. 7031. 7031.]",0,
63,63,"[7042. 7042. 7042. 7042. 7042. 7042. 7042. 7042. 7042. 7042. 7042. 7042.
 7042. 7042. 7042. 7042. 7042. 7042. 7042. 7042. 7042. 7042. 7042. 7042.
 7042. 7042. 7042. 7042. 7042. 7042. 7042. 7042. 7042. 7042. 7042. 7042.
 7042. 7042. 7042. 7042. 7042. 7042. 7042. 7042. 7042. 7042. 7042. 7042.
 7042. 7042. 7042. 7042. 7042. 7042. 7042. 7042. 7042. 7042. 7042. 7042.
 7042. 7042. 7042. 7042. 7042. 7042. 7042. 7042. 7042. 7041. 7041. 7041.
 7041. 7041. 7041. 7041. 7041. 7041. 7040. 7040. 7040. 7040. 7040. 7040.
 7040. 7040. 7040. 7040. 7040. 7040. 7040. 7040. 7040. 7040. 7040. 7040.
 7040. 7040. 7040. 7040. 7040. 7039. 7039. 7039. 7039. 7039. 7038. 7038.
 7037. 7037. 7037. 7036. 7036. 7035. 7035. 7035. 7035. 7035. 7035. 7035.
 7035. 7035. 7035. 7035. 7035. 7035. 7034. 7031. 7031.]",0,
64,64,"[7042. 7042. 7042. 7042. 7042. 7042. 7042. 7042. 7042. 7042. 7042. 7042.
 7042. 7042. 7042. 7042. 7042. 7042. 7042. 7042. 7042. 7042. 7042. 7042.
 7042. 7042. 7042. 7042. 7042. 7042. 7042. 7042. 7042. 7042. 7042. 7042.
 7042. 7042. 7042. 7042. 7042. 7042. 7042. 7042. 7042. 7042. 7042. 7042.
 7042. 7042. 7042. 7042. 7042. 7042. 7042. 7042. 7042. 7042. 7042. 7042.
 7042. 7042. 7042. 7042. 7042. 7042. 7042. 7042. 7042. 7041. 7041. 7041.
 7041. 7041. 7041. 7041. 7041. 7041. 7040. 7040. 7040. 7040. 7040. 7040.
 7040. 7040. 7040. 7040. 7040. 7040. 7040. 7040. 7040. 7040. 7040. 7040.
 7040. 7040. 7040. 7040. 7040. 7039. 7039. 7039. 7039. 7039. 7038. 7038.
 7037. 7037. 7037. 7036. 7036. 7035. 7035. 7035. 7035. 7035. 7035. 7035.
 7035. 7035. 7035. 7035. 7035. 7035. 7034. 7031. 7031.]",0,
65,65,"[7042. 7042. 7042. 7042. 7042. 7042. 7042. 7042. 7042. 7042. 7042. 7042.
 7042. 7042. 7042. 7042. 7042. 7042. 7042. 7042. 7042. 7042. 7042. 7042.
 7042. 7042. 7042. 7042. 7042. 7042. 7042. 7042. 7042. 7042. 7042. 7042.
 7042. 7042. 7042. 7042. 7042. 7042. 7042. 7042. 7042. 7042. 7042. 7042.
 7042. 7042. 7042. 7042. 7042. 7042. 7042. 7042. 7042. 7042. 7042. 7042.
 7042. 7042. 7042. 7042. 7042. 7042. 7042. 7042. 7042. 7041. 7041. 7041.
 7041. 7041. 7041. 7041. 7041. 7041. 7040. 7040. 7040. 7040. 7040. 7040.
 7040. 7040. 7040. 7040. 7040. 7040. 7040. 7040. 7040. 7040. 7040. 7040.
 7040. 7040. 7040. 7040. 7040. 7039. 7039. 7039. 7039. 7039. 7038. 7038.
 7037. 7037. 7037. 7036. 7036. 7035. 7035. 7035. 7035. 7035. 7035. 7035.
 7035. 7035. 7035. 7035. 7035. 7035. 7034. 7031. 7031.]",0,
66,66,"[7042. 7042. 7042. 7042. 7042. 7042. 7042. 7042. 7042. 7042. 7042. 7042.
 7042. 7042. 7042. 7042. 7042. 7042. 7042. 7042. 7042. 7042. 7042. 7042.
 7042. 7042. 7042. 7042. 7042. 7042. 7042. 7042. 7042. 7042. 7042. 7042.
 7042. 7042. 7042. 7042. 7042. 7042. 7042. 7042. 7042. 7042. 7042. 7042.
 7042. 7042. 7042. 7042. 7042. 7042. 7042. 7042. 7042. 7042. 7042. 7042.
 7042. 7042. 7042. 7042. 7042. 7042. 7042. 7042. 7042. 7041. 7041. 7041.
 7041. 7041. 7041. 7041. 7041. 7041. 7040. 7040. 7040. 7040. 7040. 7040.
 7040. 7040. 7040. 7040. 7040. 7040. 7040. 7040. 7040. 7040. 7040. 7040.
 7040. 7040. 7040. 7040. 7040. 7039. 7039. 7039. 7039. 7039. 7038. 7038.
 7037. 7037. 7037. 7036. 7036. 7035. 7035. 7035. 7035. 7035. 7035. 7035.
 7035. 7035. 7035. 7035. 7035. 7035. 7034. 7031. 7031.]",0,
67,67,"[7042. 7042. 7042. 7042. 7042. 7042. 7042. 7042. 7042. 7042. 7042. 7042.
 7042. 7042. 7042. 7042. 7042. 7042. 7042. 7042. 7042. 7042. 7042. 7042.
 7042. 7042. 7042. 7042. 7042. 7042. 7042. 7042. 7042. 7042. 7042. 7042.
 7042. 7042. 7042. 7042. 7042. 7042. 7042. 7042. 7042. 7042. 7042. 7042.
 7042. 7042. 7042. 7042. 7042. 7042. 7042. 7042. 7042. 7042. 7042. 7042.
 7042. 7042. 7042. 7042. 7042. 7042. 7042. 7042. 7042. 7041. 7041. 7041.
 7041. 7041. 7041. 7041. 7041. 7041. 7040. 7040. 7040. 7040. 7040. 7040.
 7040. 7040. 7040. 7040. 7040. 7040. 7040. 7040. 7040. 7040. 7040. 7040.
 7040. 7040. 7040. 7040. 7040. 7039. 7039. 7039. 7039. 7039. 7038. 7038.
 7037. 7037. 7037. 7036. 7036. 7035. 7035. 7035. 7035. 7035. 7035. 7035.
 7035. 7035. 7035. 7035. 7035. 7035. 7034. 7031. 7031.]",0,
68,68,"[7042. 7042. 7042. 7042. 7042. 7042. 7042. 7042. 7042. 7042. 7042. 7042.
 7042. 7042. 7042. 7042. 7042. 7042. 7042. 7042. 7042. 7042. 7042. 7042.
 7042. 7042. 7042. 7042. 7042. 7042. 7042. 7042. 7042. 7042. 7042. 7042.
 7042. 7042. 7042. 7042. 7042. 7042. 7042. 7042. 7042. 7042. 7042. 7042.
 7042. 7042. 7042. 7042. 7042. 7042. 7042. 7042. 7042. 7042. 7042. 7042.
 7042. 7042. 7042. 7042. 7042. 7042. 7042. 7042. 7042. 7041. 7041. 7041.
 7041. 7041. 7041. 7041. 7041. 7041. 7040. 7040. 7040. 7040. 7040. 7040.
 7040. 7040. 7040. 7040. 7040. 7040. 7040. 7040. 7040. 7040. 7040. 7040.
 7040. 7040. 7040. 7040. 7040. 7039. 7039. 7039. 7039. 7039. 7038. 7038.
 7037. 7037. 7037. 7036. 7036. 7035. 7035. 7035. 7035. 7035. 7035. 7035.
 7035. 7035. 7035. 7035. 7035. 7035. 7034. 7031. 7031.]",0,
69,69,"[7042. 7042. 7042. 7042. 7042. 7042. 7042. 7042. 7042. 7042. 7042. 7042.
 7042. 7042. 7042. 7042. 7042. 7042. 7042. 7042. 7042. 7042. 7042. 7042.
 7042. 7042. 7042. 7042. 7042. 7042. 7042. 7042. 7042. 7042. 7042. 7042.
 7042. 7042. 7042. 7042. 7042. 7042. 7042. 7042. 7042. 7042. 7042. 7042.
 7042. 7042. 7042. 7042. 7042. 7042. 7042. 7042. 7042. 7042. 7042. 7042.
 7042. 7042. 7042. 7042. 7042. 7042. 7042. 7042. 7042. 7041. 7041. 7041.
 7041. 7041. 7041. 7041. 7041. 7041. 7040. 7040. 7040. 7040. 7040. 7040.
 7040. 7040. 7040. 7040. 7040. 7040. 7040. 7040. 7040. 7040. 7040. 7040.
 7040. 7040. 7040. 7040. 7040. 7039. 7039. 7039. 7039. 7039. 7038. 7038.
 7037. 7037. 7037. 7036. 7036. 7035. 7035. 7035. 7035. 7035. 7035. 7035.
 7035. 7035. 7035. 7035. 7035. 7035. 7034. 7031. 7031.]",1,
70,70,"[7042. 7042. 7042. 7042. 7042. 7042. 7042. 7042. 7042. 7042. 7042. 7042.
 7042. 7042. 7042. 7042. 7042. 7042. 7042. 7042. 7042. 7042. 7042. 7042.
 7042. 7042. 7042. 7042. 7042. 7042. 7042. 7042. 7042. 7042. 7042. 7042.
 7042. 7042. 7042. 7042. 7042. 7042. 7042. 7042. 7042. 7042. 7042. 7042.
 7042. 7042. 7042. 7042. 7042. 7042. 7042. 7042. 7042. 7042. 7042. 7042.
 7042. 7042. 7042. 7042. 7042. 7042. 7042. 7042. 7042. 7041. 7041. 7041.
 7041. 7041. 7041. 7041. 7041. 7041. 7040. 7040. 7040. 7040. 7040. 7040.
 7040. 7040. 7040. 7040. 7040. 7040. 7040. 7040. 7040. 7040. 7040. 7040.
 7040. 7040. 7040. 7040. 7040. 7039. 7039. 7039. 7039. 7039. 7038. 7038.
 7037. 7037. 7037. 7036. 7036. 7035. 7035. 7035. 7035. 7035. 7035. 7035.
 7035. 7035. 7035. 7035. 7035. 7035. 7034. 7031. 7031.]",1,
71,71,"[7042. 7042. 7042. 7042. 7042. 7042. 7042. 7042. 7042. 7042. 7042. 7042.
 7042. 7042. 7042. 7042. 7042. 7042. 7042. 7042. 7042. 7042. 7042. 7042.
 7042. 7042. 7042. 7042. 7042. 7042. 7042. 7042. 7042. 7042. 7042. 7042.
 7042. 7042. 7042. 7042. 7042. 7042. 7042. 7042. 7042. 7042. 7042. 7042.
 7042. 7042. 7042. 7042. 7042. 7042. 7042. 7042. 7042. 7042. 7042. 7042.
 7042. 7042. 7042. 7042. 7042. 7042. 7042. 7042. 7042. 7041. 7041. 7041.
 7041. 7041. 7041. 7041. 7041. 7041. 7040. 7040. 7040. 7040. 7040. 7040.
 7040. 7040. 7040. 7040. 7040. 7040. 7040. 7040. 7040. 7040. 7040. 7040.
 7040. 7040. 7040. 7040. 7040. 7039. 7039. 7039. 7039. 7039. 7038. 7038.
 7037. 7037. 7037. 7036. 7036. 7035. 7035. 7035. 7035. 7035. 7035. 7035.
 7035. 7035. 7035. 7035. 7035. 7035. 7034. 7031. 7031.]",1,
72,72,"[7042. 7042. 7042. 7042. 7042. 7042. 7042. 7042. 7042. 7042. 7042. 7042.
 7042. 7042. 7042. 7042. 7042. 7042. 7042. 7042. 7042. 7042. 7042. 7042.
 7042. 7042. 7042. 7042. 7042. 7042. 7042. 7042. 7042. 7042. 7042. 7042.
 7042. 7042. 7042. 7042. 7042. 7042. 7042. 7042. 7042. 7042. 7042. 7042.
 7042. 7042. 7042. 7042. 7042. 7042. 7042. 7042. 7042. 7042. 7042. 7042.
 7042. 7042. 7042. 7042. 7042. 7042. 7042. 7042. 7042. 7041. 7041. 7041.
 7041. 7041. 7041. 7041. 7041. 7041. 7040. 7040. 7040. 7040. 7040. 7040.
 7040. 7040. 7040. 7040. 7040. 7040. 7040. 7040. 7040. 7040. 7040. 7040.
 7040. 7040. 7040. 7040. 7040. 7039. 7039. 7039. 7039. 7039. 7038. 7038.
 7037. 7037. 7037. 7036. 7036. 7035. 7035. 7035. 7035. 7035. 7035. 7035.
 7035. 7035. 7035. 7035. 7035. 7035. 7034. 7031. 7031.]",1,
73,73,"[7042. 7042. 7042. 7042. 7042. 7042. 7042. 7042. 7042. 7042. 7042. 7042.
 7042. 7042. 7042. 7042. 7042. 7042. 7042. 7042. 7042. 7042. 7042. 7042.
 7042. 7042. 7042. 7042. 7042. 7042. 7042. 7042. 7042. 7042. 7042. 7042.
 7042. 7042. 7042. 7042. 7042. 7042. 7042. 7042. 7042. 7042. 7042. 7042.
 7042. 7042. 7042. 7042. 7042. 7042. 7042. 7042. 7042. 7042. 7042. 7042.
 7042. 7042. 7042. 7042. 7042. 7042. 7042. 7042. 7042. 7041. 7041. 7041.
 7041. 7041. 7041. 7041. 7041. 7041. 7040. 7040. 7040. 7040. 7040. 7040.
 7040. 7040. 7040. 7040. 7040. 7040. 7040. 7040. 7040. 7040. 7040. 7040.
 7040. 7040. 7040. 7040. 7040. 7039. 7039. 7039. 7039. 7039. 7038. 7038.
 7037. 7037. 7037. 7036. 7036. 7035. 7035. 7035. 7035. 7035. 7035. 7035.
 7035. 7035. 7035. 7035. 7035. 7035. 7034. 7031. 7031.]",1,
74,74,"[7042. 7042. 7042. 7042. 7042. 7042. 7042. 7042. 7042. 7042. 7042. 7042.
 7042. 7042. 7042. 7042. 7042. 7042. 7042. 7042. 7042. 7042. 7042. 7042.
 7042. 7042. 7042. 7042. 7042. 7042. 7042. 7042. 7042. 7042. 7042. 7042.
 7042. 7042. 7042. 7042. 7042. 7042. 7042. 7042. 7042. 7042. 7042. 7042.
 7042. 7042. 7042. 7042. 7042. 7042. 7042. 7042. 7042. 7042. 7042. 7042.
 7042. 7042. 7042. 7042. 7042. 7042. 7042. 7042. 7042. 7041. 7041. 7041.
 7041. 7041. 7041. 7041. 7041. 7041. 7040. 7040. 7040. 7040. 7040. 7040.
 7040. 7040. 7040. 7040. 7040. 7040. 7040. 7040. 7040. 7040. 7040. 7040.
 7040. 7040. 7040. 7040. 7040. 7039. 7039. 7039. 7039. 7039. 7038. 7038.
 7037. 7037. 7037. 7036. 7036. 7035. 7035. 7035. 7035. 7035. 7035. 7035.
 7035. 7035. 7035. 7035. 7035. 7035. 7034. 7031. 7031.]",1,
75,75,"[7042. 7042. 7042. 7042. 7042. 7042. 7042. 7042. 7042. 7042. 7042. 7042.
 7042. 7042. 7042. 7042. 7042. 7042. 7042. 7042. 7042. 7042. 7042. 7042.
 7042. 7042. 7042. 7042. 7042. 7042. 7042. 7042. 7042. 7042. 7042. 7042.
 7042. 7042. 7042. 7042. 7042. 7042. 7042. 7042. 7042. 7042. 7042. 7042.
 7042. 7042. 7042. 7042. 7042. 7042. 7042. 7042. 7042. 7042. 7042. 7042.
 7042. 7042. 7042. 7042. 7042. 7042. 7042. 7042. 7042. 7041. 7041. 7041.
 7041. 7041. 7041. 7041. 7041. 7041. 7040. 7040. 7040. 7040. 7040. 7040.
 7040. 7040. 7040. 7040. 7040. 7040. 7040. 7040. 7040. 7040. 7040. 7040.
 7040. 7040. 7040. 7040. 7040. 7039. 7039. 7039. 7039. 7039. 7038. 7038.
 7037. 7037. 7037. 7036. 7036. 7035. 7035. 7035. 7035. 7035. 7035. 7035.
 7035. 7035. 7035. 7035. 7035. 7035. 7034. 7031. 7031.]",1,
76,76,"[7042. 7042. 7042. 7042. 7042. 7042. 7042. 7042. 7042. 7042. 7042. 7042.
 7042. 7042. 7042. 7042. 7042. 7042. 7042. 7042. 7042. 7042. 7042. 7042.
 7042. 7042. 7042. 7042. 7042. 7042. 7042. 7042. 7042. 7042. 7042. 7042.
 7042. 7042. 7042. 7042. 7042. 7042. 7042. 7042. 7042. 7042. 7042. 7042.
 7042. 7042. 7042. 7042. 7042. 7042. 7042. 7042. 7042. 7042. 7042. 7042.
 7042. 7042. 7042. 7042. 7042. 7042. 7042. 7042. 7042. 7041. 7041. 7041.
 7041. 7041. 7041. 7041. 7041. 7041. 7040. 7040. 7040. 7040. 7040. 7040.
 7040. 7040. 7040. 7040. 7040. 7040. 7040. 7040. 7040. 7040. 7040. 7040.
 7040. 7040. 7040. 7040. 7040. 7039. 7039. 7039. 7039. 7039. 7038. 7038.
 7037. 7037. 7037. 7036. 7036. 7035. 7035. 7035. 7035. 7035. 7035. 7035.
 7035. 7035. 7035. 7035. 7035. 7035. 7034. 7031. 7031.]",1,
77,77,"[7042. 7042. 7042. 7042. 7042. 7042. 7042. 7042. 7042. 7042. 7042. 7042.
 7042. 7042. 7042. 7042. 7042. 7042. 7042. 7042. 7042. 7042. 7042. 7042.
 7042. 7042. 7042. 7042. 7042. 7042. 7042. 7042. 7042. 7042. 7042. 7042.
 7042. 7042. 7042. 7042. 7042. 7042. 7042. 7042. 7042. 7042. 7042. 7042.
 7042. 7042. 7042. 7042. 7042. 7042. 7042. 7042. 7042. 7042. 7042. 7042.
 7042. 7042. 7042. 7042. 7042. 7042. 7042. 7042. 7042. 7041. 7041. 7041.
 7041. 7041. 7041. 7041. 7041. 7041. 7040. 7040. 7040. 7040. 7040. 7040.
 7040. 7040. 7040. 7040. 7040. 7040. 7040. 7040. 7040. 7040. 7040. 7040.
 7040. 7040. 7040. 7040. 7040. 7039. 7039. 7039. 7039. 7039. 7038. 7038.
 7037. 7037. 7037. 7036. 7036. 7035. 7035. 7035. 7035. 7035. 7035. 7035.
 7035. 7035. 7035. 7035. 7035. 7035. 7034. 7031. 7031.]",1,
78,78,"[7042. 7042. 7042. 7042. 7042. 7042. 7042. 7042. 7042. 7042. 7042. 7042.
 7042. 7042. 7042. 7042. 7042. 7042. 7042. 7042. 7042. 7042. 7042. 7042.
 7042. 7042. 7042. 7042. 7042. 7042. 7042. 7042. 7042. 7042. 7042. 7042.
 7042. 7042. 7042. 7042. 7042. 7042. 7042. 7042. 7042. 7042. 7042. 7042.
 7042. 7042. 7042. 7042. 7042. 7042. 7042. 7042. 7042. 7042. 7042. 7042.
 7042. 7042. 7042. 7042. 7042. 7042. 7042. 7042. 7042. 7041. 7041. 7041.
 7041. 7041. 7041. 7041. 7041. 7041. 7040. 7040. 7040. 7040. 7040. 7040.
 7040. 7040. 7040. 7040. 7040. 7040. 7040. 7040. 7040. 7040. 7040. 7040.
 7040. 7040. 7040. 7040. 7040. 7039. 7039. 7039. 7039. 7039. 7038. 7038.
 7037. 7037. 7037. 7036. 7036. 7035. 7035. 7035. 7035. 7035. 7035. 7035.
 7035. 7035. 7035. 7035. 7035. 7035. 7034. 7031. 7031.]",2,
79,79,"[7042. 7042. 7042. 7042. 7042. 7042. 7042. 7042. 7042. 7042. 7042. 7042.
 7042. 7042. 7042. 7042. 7042. 7042. 7042. 7042. 7042. 7042. 7042. 7042.
 7042. 7042. 7042. 7042. 7042. 7042. 7042. 7042. 7042. 7042. 7042. 7042.
 7042. 7042. 7042. 7042. 7042. 7042. 7042. 7042. 7042. 7042. 7042. 7042.
 7042. 7042. 7042. 7042. 7042. 7042. 7042. 7042. 7042. 7042. 7042. 7042.
 7042. 7042. 7042. 7042. 7042. 7042. 7042. 7042. 7042. 7041. 7041. 7041.
 7041. 7041. 7041. 7041. 7041. 7041. 7040. 7040. 7040. 7040. 7040. 7040.
 7040. 7040. 7040. 7040. 7040. 7040. 7040. 7040. 7040. 7040. 7040. 7040.
 7040. 7040. 7040. 7040. 7040. 7039. 7039. 7039. 7039. 7039. 7038. 7038.
 7037. 7037. 7037. 7036. 7036. 7035. 7035. 7035. 7035. 7035. 7035. 7035.
 7035. 7035. 7035. 7035. 7035. 7035. 7034. 7031. 7031.]",2,
80,80,"[7042. 7042. 7042. 7042. 7042. 7042. 7042. 7042. 7042. 7042. 7042. 7042.
 7042. 7042. 7042. 7042. 7042. 7042. 7042. 7042. 7042. 7042. 7042. 7042.
 7042. 7042. 7042. 7042. 7042. 7042. 7042. 7042. 7042. 7042. 7042. 7042.
 7042. 7042. 7042. 7042. 7042. 7042. 7042. 7042. 7042. 7042. 7042. 7042.
 7042. 7042. 7042. 7042. 7042. 7042. 7042. 7042. 7042. 7042. 7042. 7042.
 7042. 7042. 7042. 7042. 7042. 7042. 7042. 7042. 7042. 7041. 7041. 7041.
 7041. 7041. 7041. 7041. 7041. 7041. 7040. 7040. 7040. 7040. 7040. 7040.
 7040. 7040. 7040. 7040. 7040. 7040. 7040. 7040. 7040. 7040. 7040. 7040.
 7040. 7040. 7040. 7040. 7040. 7039. 7039. 7039. 7039. 7039. 7038. 7038.
 7037. 7037. 7037. 7036. 7036. 7035. 7035. 7035. 7035. 7035. 7035. 7035.
 7035. 7035. 7035. 7035. 7035. 7035. 7034. 7031. 7031.]",2,
81,81,"[7042. 7042. 7042. 7042. 7042. 7042. 7042. 7042. 7042. 7042. 7042. 7042.
 7042. 7042. 7042. 7042. 7042. 7042. 7042. 7042. 7042. 7042. 7042. 7042.
 7042. 7042. 7042. 7042. 7042. 7042. 7042. 7042. 7042. 7042. 7042. 7042.
 7042. 7042. 7042. 7042. 7042. 7042. 7042. 7042. 7042. 7042. 7042. 7042.
 7042. 7042. 7042. 7042. 7042. 7042. 7042. 7042. 7042. 7042. 7042. 7042.
 7042. 7042. 7042. 7042. 7042. 7042. 7042. 7042. 7042. 7041. 7041. 7041.
 7041. 7041. 7041. 7041. 7041. 7041. 7040. 7040. 7040. 7040. 7040. 7040.
 7040. 7040. 7040. 7040. 7040. 7040. 7040. 7040. 7040. 7040. 7040. 7040.
 7040. 7040. 7040. 7040. 7040. 7039. 7039. 7039. 7039. 7039. 7038. 7038.
 7037. 7037. 7037. 7036. 7036. 7035. 7035. 7035. 7035. 7035. 7035. 7035.
 7035. 7035. 7035. 7035. 7035. 7035. 7034. 7031. 7031.]",2,
82,82,"[7042. 7042. 7042. 7042. 7042. 7042. 7042. 7042. 7042. 7042. 7042. 7042.
 7042. 7042. 7042. 7042. 7042. 7042. 7042. 7042. 7042. 7042. 7042. 7042.
 7042. 7042. 7042. 7042. 7042. 7042. 7042. 7042. 7042. 7042. 7042. 7042.
 7042. 7042. 7042. 7042. 7042. 7042. 7042. 7042. 7042. 7042. 7042. 7042.
 7042. 7042. 7042. 7042. 7042. 7042. 7042. 7042. 7042. 7042. 7042. 7042.
 7042. 7042. 7042. 7042. 7042. 7042. 7042. 7042. 7042. 7041. 7041. 7041.
 7041. 7041. 7041. 7041. 7041. 7041. 7040. 7040. 7040. 7040. 7040. 7040.
 7040. 7040. 7040. 7040. 7040. 7040. 7040. 7040. 7040. 7040. 7040. 7040.
 7040. 7040. 7040. 7040. 7040. 7039. 7039. 7039. 7039. 7039. 7038. 7038.
 7037. 7037. 7037. 7036. 7036. 7035. 7035. 7035. 7035. 7035. 7035. 7035.
 7035. 7035. 7035. 7035. 7035. 7035. 7034. 7031. 7031.]",2,
83,83,"[7042. 7042. 7042. 7042. 7042. 7042. 7042. 7042. 7042. 7042. 7042. 7042.
 7042. 7042. 7042. 7042. 7042. 7042. 7042. 7042. 7042. 7042. 7042. 7042.
 7042. 7042. 7042. 7042. 7042. 7042. 7042. 7042. 7042. 7042. 7042. 7042.
 7042. 7042. 7042. 7042. 7042. 7042. 7042. 7042. 7042. 7042. 7042. 7042.
 7042. 7042. 7042. 7042. 7042. 7042. 7042. 7042. 7042. 7042. 7042. 7042.
 7042. 7042. 7042. 7042. 7042. 7042. 7042. 7042. 7042. 7041. 7041. 7041.
 7041. 7041. 7041. 7041. 7041. 7041. 7040. 7040. 7040. 7040. 7040. 7040.
 7040. 7040. 7040. 7040. 7040. 7040. 7040. 7040. 7040. 7040. 7040. 7040.
 7040. 7040. 7040. 7040. 7040. 7039. 7039. 7039. 7039. 7039. 7038. 7038.
 7037. 7037. 7037. 7036. 7036. 7035. 7035. 7035. 7035. 7035. 7035. 7035.
 7035. 7035. 7035. 7035. 7035. 7035. 7034. 7031. 7031.]",2,
84,84,"[7042. 7042. 7042. 7042. 7042. 7042. 7042. 7042. 7042. 7042. 7042. 7042.
 7042. 7042. 7042. 7042. 7042. 7042. 7042. 7042. 7042. 7042. 7042. 7042.
 7042. 7042. 7042. 7042. 7042. 7042. 7042. 7042. 7042. 7042. 7042. 7042.
 7042. 7042. 7042. 7042. 7042. 7042. 7042. 7042. 7042. 7042. 7042. 7042.
 7042. 7042. 7042. 7042. 7042. 7042. 7042. 7042. 7042. 7042. 7042. 7042.
 7042. 7042. 7042. 7042. 7042. 7042. 7042. 7042. 7042. 7041. 7041. 7041.
 7041. 7041. 7041. 7041. 7041. 7041. 7040. 7040. 7040. 7040. 7040. 7040.
 7040. 7040. 7040. 7040. 7040. 7040. 7040. 7040. 7040. 7040. 7040. 7040.
 7040. 7040. 7040. 7040. 7040. 7039. 7039. 7039. 7039. 7039. 7038. 7038.
 7037. 7037. 7037. 7036. 7036. 7035. 7035. 7035. 7035. 7035. 7035. 7035.
 7035. 7035. 7035. 7035. 7035. 7035. 7034. 7031. 7031.]",2,
85,85,"[7042. 7042. 7042. 7042. 7042. 7042. 7042. 7042. 7042. 7042. 7042. 7042.
 7042. 7042. 7042. 7042. 7042. 7042. 7042. 7042. 7042. 7042. 7042. 7042.
 7042. 7042. 7042. 7042. 7042. 7042. 7042. 7042. 7042. 7042. 7042. 7042.
 7042. 7042. 7042. 7042. 7042. 7042. 7042. 7042. 7042. 7042. 7042. 7042.
 7042. 7042. 7042. 7042. 7042. 7042. 7042. 7042. 7042. 7042. 7042. 7042.
 7042. 7042. 7042. 7042. 7042. 7042. 7042. 7042. 7042. 7041. 7041. 7041.
 7041. 7041. 7041. 7041. 7041. 7041. 7040. 7040. 7040. 7040. 7040. 7040.
 7040. 7040. 7040. 7040. 7040. 7040. 7040. 7040. 7040. 7040. 7040. 7040.
 7040. 7040. 7040. 7040. 7040. 7039. 7039. 7039. 7039. 7039. 7038. 7038.
 7037. 7037. 7037. 7036. 7036. 7035. 7035. 7035. 7035. 7035. 7035. 7035.
 7035. 7035. 7035. 7035. 7035. 7035. 7034. 7031. 7031.]",2,
86,86,"[7042. 7042. 7042. 7042. 7042. 7042. 7042. 7042. 7042. 7042. 7042. 7042.
 7042. 7042. 7042. 7042. 7042. 7042. 7042. 7042. 7042. 7042. 7042. 7042.
 7042. 7042. 7042. 7042. 7042. 7042. 7042. 7042. 7042. 7042. 7042. 7042.
 7042. 7042. 7042. 7042. 7042. 7042. 7042. 7042. 7042. 7042. 7042. 7042.
 7042. 7042. 7042. 7042. 7042. 7042. 7042. 7042. 7042. 7042. 7042. 7042.
 7042. 7042. 7042. 7042. 7042. 7042. 7042. 7042. 7042. 7041. 7041. 7041.
 7041. 7041. 7041. 7041. 7041. 7041. 7040. 7040. 7040. 7040. 7040. 7040.
 7040. 7040. 7040. 7040. 7040. 7040. 7040. 7040. 7040. 7040. 7040. 7040.
 7040. 7040. 7040. 7040. 7040. 7039. 7039. 7039. 7039. 7039. 7038. 7038.
 7037. 7037. 7037. 7036. 7036. 7035. 7035. 7035. 7035. 7035. 7035. 7035.
 7035. 7035. 7035. 7035. 7035. 7035. 7034. 7031. 7031.]",2,
87,87,"[7042. 7042. 7042. 7042. 7042. 7042. 7042. 7042. 7042. 7042. 7042. 7042.
 7042. 7042. 7042. 7042. 7042. 7042. 7042. 7042. 7042. 7042. 7042. 7042.
 7042. 7042. 7042. 7042. 7042. 7042. 7042. 7042. 7042. 7042. 7042. 7042.
 7042. 7042. 7042. 7042. 7042. 7042. 7042. 7042. 7042. 7042. 7042. 7042.
 7042. 7042. 7042. 7042. 7042. 7042. 7042. 7042. 7042. 7042. 7042. 7042.
 7042. 7042. 7042. 7042. 7042. 7042. 7042. 7042. 7042. 7041. 7041. 7041.
 7041. 7041. 7041. 7041. 7041. 7041. 7040. 7040. 7040. 7040. 7040. 7040.
 7040. 7040. 7040. 7040. 7040. 7040. 7040. 7040. 7040. 7040. 7040. 7040.
 7040. 7040. 7040. 7040. 7040. 7039. 7039. 7039. 7039. 7039. 7038. 7038.
 7037. 7037. 7037. 7036. 7036. 7035. 7035. 7035. 7035. 7035. 7035. 7035.
 7035. 7035. 7035. 7035. 7035. 7035. 7034. 7031. 7031.]",2,
88,88,"[7042. 7042. 7042. 7042. 7042. 7042. 7042. 7042. 7042. 7042. 7042. 7042.
 7042. 7042. 7042. 7042. 7042. 7042. 7042. 7042. 7042. 7042. 7042. 7042.
 7042. 7042. 7042. 7042. 7042. 7042. 7042. 7042. 7042. 7042. 7042. 7042.
 7042. 7042. 7042. 7042. 7042. 7042. 7042. 7042. 7042. 7042. 7042. 7042.
 7042. 7042. 7042. 7042. 7042. 7042. 7042. 7042. 7042. 7042. 7042. 7042.
 7042. 7042. 7042. 7042. 7042. 7042. 7042. 7042. 7042. 7041. 7041. 7041.
 7041. 7041. 7041. 7041. 7041. 7041. 7040. 7040. 7040. 7040. 7040. 7040.
 7040. 7040. 7040. 7040. 7040. 7040. 7040. 7040. 7040. 7040. 7040. 7040.
 7040. 7040. 7040. 7040. 7040. 7039. 7039. 7039. 7039. 7039. 7038. 7038.
 7037. 7037. 7037. 7036. 7036. 7035. 7035. 7035. 7035. 7035. 7035. 7035.
 7035. 7035. 7035. 7035. 7035. 7035. 7034. 7031. 7031.]",2,
89,89,"[7042. 7042. 7042. 7042. 7042. 7042. 7042. 7042. 7042. 7042. 7042. 7042.
 7042. 7042. 7042. 7042. 7042. 7042. 7042. 7042. 7042. 7042. 7042. 7042.
 7042. 7042. 7042. 7042. 7042. 7042. 7042. 7042. 7042. 7042. 7042. 7042.
 7042. 7042. 7042. 7042. 7042. 7042. 7042. 7042. 7042. 7042. 7042. 7042.
 7042. 7042. 7042. 7042. 7042. 7042. 7042. 7042. 7042. 7042. 7042. 7042.
 7042. 7042. 7042. 7042. 7042. 7042. 7042. 7042. 7042. 7041. 7041. 7041.
 7041. 7041. 7041. 7041. 7041. 7041. 7040. 7040. 7040. 7040. 7040. 7040.
 7040. 7040. 7040. 7040. 7040. 7040. 7040. 7040. 7040. 7040. 7040. 7040.
 7040. 7040. 7040. 7040. 7040. 7039. 7039. 7039. 7039. 7039. 7038. 7038.
 7037. 7037. 7037. 7036. 7036. 7035. 7035. 7035. 7035. 7035. 7035. 7035.
 7035. 7035. 7035. 7035. 7035. 7035. 7034. 7031. 7031.]",2,
90,90,"[7042. 7042. 7042. 7042. 7042. 7042. 7042. 7042. 7042. 7042. 7042. 7042.
 7042. 7042. 7042. 7042. 7042. 7042. 7042. 7042. 7042. 7042. 7042. 7042.
 7042. 7042. 7042. 7042. 7042. 7042. 7042. 7042. 7042. 7042. 7042. 7042.
 7042. 7042. 7042. 7042. 7042. 7042. 7042. 7042. 7042. 7042. 7042. 7042.
 7042. 7042. 7042. 7042. 7042. 7042. 7042. 7042. 7042. 7042. 7042. 7042.
 7042. 7042. 7042. 7042. 7042. 7042. 7042. 7042. 7042. 7041. 7041. 7041.
 7041. 7041. 7041. 7041. 7041. 7041. 7040. 7040. 7040. 7040. 7040. 7040.
 7040. 7040. 7040. 7040. 7040. 7040. 7040. 7040. 7040. 7040. 7040. 7040.
 7040. 7040. 7040. 7040. 7040. 7039. 7039. 7039. 7039. 7039. 7038. 7038.
 7037. 7037. 7037. 7036. 7036. 7035. 7035. 7035. 7035. 7035. 7035. 7035.
 7035. 7035. 7035. 7035. 7035. 7035. 7034. 7031. 7031.]",2,
91,91,"[7042. 7042. 7042. 7042. 7042. 7042. 7042. 7042. 7042. 7042. 7042. 7042.
 7042. 7042. 7042. 7042. 7042. 7042. 7042. 7042. 7042. 7042. 7042. 7042.
 7042. 7042. 7042. 7042. 7042. 7042. 7042. 7042. 7042. 7042. 7042. 7042.
 7042. 7042. 7042. 7042. 7042. 7042. 7042. 7042. 7042. 7042. 7042. 7042.
 7042. 7042. 7042. 7042. 7042. 7042. 7042. 7042. 7042. 7042. 7042. 7042.
 7042. 7042. 7042. 7042. 7042. 7042. 7042. 7042. 7042. 7041. 7041. 7041.
 7041. 7041. 7041. 7041. 7041. 7041. 7040. 7040. 7040. 7040. 7040. 7040.
 7040. 7040. 7040. 7040. 7040. 7040. 7040. 7040. 7040. 7040. 7040. 7040.
 7040. 7040. 7040. 7040. 7040. 7039. 7039. 7039. 7039. 7039. 7038. 7038.
 7037. 7037. 7037. 7036. 7036. 7035. 7035. 7035. 7035. 7035. 7035. 7035.
 7035. 7035. 7035. 7035. 7035. 7035. 7034. 7031. 7031.]",2,
92,92,"[7042. 7042. 7042. 7042. 7042. 7042. 7042. 7042. 7042. 7042. 7042. 7042.
 7042. 7042. 7042. 7042. 7042. 7042. 7042. 7042. 7042. 7042. 7042. 7042.
 7042. 7042. 7042. 7042. 7042. 7042. 7042. 7042. 7042. 7042. 7042. 7042.
 7042. 7042. 7042. 7042. 7042. 7042. 7042. 7042. 7042. 7042. 7042. 7042.
 7042. 7042. 7042. 7042. 7042. 7042. 7042. 7042. 7042. 7042. 7042. 7042.
 7042. 7042. 7042. 7042. 7042. 7042. 7042. 7042. 7042. 7041. 7041. 7041.
 7041. 7041. 7041. 7041. 7041. 7041. 7040. 7040. 7040. 7040. 7040. 7040.
 7040. 7040. 7040. 7040. 7040. 7040. 7040. 7040. 7040. 7040. 7040. 7040.
 7040. 7040. 7040. 7040. 7040. 7039. 7039. 7039. 7039. 7039. 7038. 7038.
 7037. 7037. 7037. 7036. 7036. 7035. 7035. 7035. 7035. 7035. 7035. 7035.
 7035. 7035. 7035. 7035. 7035. 7035. 7034. 7031. 7031.]",2,
93,93,"[7042. 7042. 7042. 7042. 7042. 7042. 7042. 7042. 7042. 7042. 7042. 7042.
 7042. 7042. 7042. 7042. 7042. 7042. 7042. 7042. 7042. 7042. 7042. 7042.
 7042. 7042. 7042. 7042. 7042. 7042. 7042. 7042. 7042. 7042. 7042. 7042.
 7042. 7042. 7042. 7042. 7042. 7042. 7042. 7042. 7042. 7042. 7042. 7042.
 7042. 7042. 7042. 7042. 7042. 7042. 7042. 7042. 7042. 7042. 7042. 7042.
 7042. 7042. 7042. 7042. 7042. 7042. 7042. 7042. 7042. 7041. 7041. 7041.
 7041. 7041. 7041. 7041. 7041. 7041. 7040. 7040. 7040. 7040. 7040. 7040.
 7040. 7040. 7040. 7040. 7040. 7040. 7040. 7040. 7040. 7040. 7040. 7040.
 7040. 7040. 7040. 7040. 7040. 7039. 7039. 7039. 7039. 7039. 7038. 7038.
 7037. 7037. 7037. 7036. 7036. 7035. 7035. 7035. 7035. 7035. 7035. 7035.
 7035. 7035. 7035. 7035. 7035. 7035. 7034. 7031. 7031.]",2,
94,94,"[7042. 7042. 7042. 7042. 7042. 7042. 7042. 7042. 7042. 7042. 7042. 7042.
 7042. 7042. 7042. 7042. 7042. 7042. 7042. 7042. 7042. 7042. 7042. 7042.
 7042. 7042. 7042. 7042. 7042. 7042. 7042. 7042. 7042. 7042. 7042. 7042.
 7042. 7042. 7042. 7042. 7042. 7042. 7042. 7042. 7042. 7042. 7042. 7042.
 7042. 7042. 7042. 7042. 7042. 7042. 7042. 7042. 7042. 7042. 7042. 7042.
 7042. 7042. 7042. 7042. 7042. 7042. 7042. 7042. 7042. 7041. 7041. 7041.
 7041. 7041. 7041. 7041. 7041. 7041. 7040. 7040. 7040. 7040. 7040. 7040.
 7040. 7040. 7040. 7040. 7040. 7040. 7040. 7040. 7040. 7040. 7040. 7040.
 7040. 7040. 7040. 7040. 7040. 7039. 7039. 7039. 7039. 7039. 7038. 7038.
 7037. 7037. 7037. 7036. 7036. 7035. 7035. 7035. 7035. 7035. 7035. 7035.
 7035. 7035. 7035. 7035. 7035. 7035. 7034. 7031. 7031.]",2,
95,95,"[7042. 7042. 7042. 7042. 7042. 7042. 7042. 7042. 7042. 7042. 7042. 7042.
 7042. 7042. 7042. 7042. 7042. 7042. 7042. 7042. 7042. 7042. 7042. 7042.
 7042. 7042. 7042. 7042. 7042. 7042. 7042. 7042. 7042. 7042. 7042. 7042.
 7042. 7042. 7042. 7042. 7042. 7042. 7042. 7042. 7042. 7042. 7042. 7042.
 7042. 7042. 7042. 7042. 7042. 7042. 7042. 7042. 7042. 7042. 7042. 7042.
 7042. 7042. 7042. 7042. 7042. 7042. 7042. 7042. 7042. 7041. 7041. 7041.
 7041. 7041. 7041. 7041. 7041. 7041. 7040. 7040. 7040. 7040. 7040. 7040.
 7040. 7040. 7040. 7040. 7040. 7040. 7040. 7040. 7040. 7040. 7040. 7040.
 7040. 7040. 7040. 7040. 7040. 7039. 7039. 7039. 7039. 7039. 7038. 7038.
 7037. 7037. 7037. 7036. 7036. 7035. 7035. 7035. 7035. 7035. 7035. 7035.
 7035. 7035. 7035. 7035. 7035. 7035. 7034. 7031. 7031.]",2,
96,96,"[7042. 7042. 7042. 7042. 7042. 7042. 7042. 7042. 7042. 7042. 7042. 7042.
 7042. 7042. 7042. 7042. 7042. 7042. 7042. 7042. 7042. 7042. 7042. 7042.
 7042. 7042. 7042. 7042. 7042. 7042. 7042. 7042. 7042. 7042. 7042. 7042.
 7042. 7042. 7042. 7042. 7042. 7042. 7042. 7042. 7042. 7042. 7042. 7042.
 7042. 7042. 7042. 7042. 7042. 7042. 7042. 7042. 7042. 7042. 7042. 7042.
 7042. 7042. 7042. 7042. 7042. 7042. 7042. 7042. 7042. 7041. 7041. 7041.
 7041. 7041. 7041. 7041. 7041. 7041. 7040. 7040. 7040. 7040. 7040. 7040.
 7040. 7040. 7040. 7040. 7040. 7040. 7040. 7040. 7040. 7040. 7040. 7040.
 7040. 7040. 7040. 7040. 7040. 7039. 7039. 7039. 7039. 7039. 7038. 7038.
 7037. 7037. 7037. 7036. 7036. 7035. 7035. 7035. 7035. 7035. 7035. 7035.
 7035. 7035. 7035. 7035. 7035. 7035. 7034. 7031. 7031.]",2,
97,97,"[7042. 7042. 7042. 7042. 7042. 7042. 7042. 7042. 7042. 7042. 7042. 7042.
 7042. 7042. 7042. 7042. 7042. 7042. 7042. 7042. 7042. 7042. 7042. 7042.
 7042. 7042. 7042. 7042. 7042. 7042. 7042. 7042. 7042. 7042. 7042. 7042.
 7042. 7042. 7042. 7042. 7042. 7042. 7042. 7042. 7042. 7042. 7042. 7042.
 7042. 7042. 7042. 7042. 7042. 7042. 7042. 7042. 7042. 7042. 7042. 7042.
 7042. 7042. 7042. 7042. 7042. 7042. 7042. 7042. 7042. 7041. 7041. 7041.
 7041. 7041. 7041. 7041. 7041. 7041. 7040. 7040. 7040. 7040. 7040. 7040.
 7040. 7040. 7040. 7040. 7040. 7040. 7040. 7040. 7040. 7040. 7040. 7040.
 7040. 7040. 7040. 7040. 7040. 7039. 7039. 7039. 7039. 7039. 7038. 7038.
 7037. 7037. 7037. 7036. 7036. 7035. 7035. 7035. 7035. 7035. 7035. 7035.
 7035. 7035. 7035. 7035. 7035. 7035. 7034. 7031. 7031.]",2,
98,98,"[7042. 7042. 7042. 7042. 7042. 7042. 7042. 7042. 7042. 7042. 7042. 7042.
 7042. 7042. 7042. 7042. 7042. 7042. 7042. 7042. 7042. 7042. 7042. 7042.
 7042. 7042. 7042. 7042. 7042. 7042. 7042. 7042. 7042. 7042. 7042. 7042.
 7042. 7042. 7042. 7042. 7042. 7042. 7042. 7042. 7042. 7042. 7042. 7042.
 7042. 7042. 7042. 7042. 7042. 7042. 7042. 7042. 7042. 7042. 7042. 7042.
 7042. 7042. 7042. 7042. 7042. 7042. 7042. 7042. 7042. 7041. 7041. 7041.
 7041. 7041. 7041. 7041. 7041. 7041. 7040. 7040. 7040. 7040. 7040. 7040.
 7040. 7040. 7040. 7040. 7040. 7040. 7040. 7040. 7040. 7040. 7040. 7040.
 7040. 7040. 7040. 7040. 7040. 7039. 7039. 7039. 7039. 7039. 7038. 7038.
 7037. 7037. 7037. 7036. 7036. 7035. 7035. 7035. 7035. 7035. 7035. 7035.
 7035. 7035. 7035. 7035. 7035. 7035. 7034. 7031. 7031.]",2,
99,99,"[7042. 7042. 7042. 7042. 7042. 7042. 7042. 7042. 7042. 7042. 7042. 7042.
 7042. 7042. 7042. 7042. 7042. 7042. 7042. 7042. 7042. 7042. 7042. 7042.
 7042. 7042. 7042. 7042. 7042. 7042. 7042. 7042. 7042. 7042. 7042. 7042.
 7042. 7042. 7042. 7042. 7042. 7042. 7042. 7042. 7042. 7042. 7042. 7042.
 7042. 7042. 7042. 7042. 7042. 7042. 7042. 7042. 7042. 7042. 7042. 7042.
 7042. 7042. 7042. 7042. 7042. 7042. 7042. 7042. 7042. 7041. 7041. 7041.
 7041. 7041. 7041. 7041. 7041. 7041. 7040. 7040. 7040. 7040. 7040. 7040.
 7040. 7040. 7040. 7040. 7040. 7040. 7040. 7040. 7040. 7040. 7040. 7040.
 7040. 7040. 7040. 7040. 7040. 7039. 7039. 7039. 7039. 7039. 7038. 7038.
 7037. 7037. 7037. 7036. 7036. 7035. 7035. 7035. 7035. 7035. 7035. 7035.
 7035. 7035. 7035. 7035. 7035. 7035. 7034. 7031. 7031.]",2,
100,100,"[7042. 7042. 7042. 7042. 7042. 7042. 7042. 7042. 7042. 7042. 7042. 7042.
 7042. 7042. 7042. 7042. 7042. 7042. 7042. 7042. 7042. 7042. 7042. 7042.
 7042. 7042. 7042. 7042. 7042. 7042. 7042. 7042. 7042. 7042. 7042. 7042.
 7042. 7042. 7042. 7042. 7042. 7042. 7042. 7042. 7042. 7042. 7042. 7042.
 7042. 7042. 7042. 7042. 7042. 7042. 7042. 7042. 7042. 7042. 7042. 7042.
 7042. 7042. 7042. 7042. 7042. 7042. 7042. 7042. 7042. 7041. 7041. 7041.
 7041. 7041. 7041. 7041. 7041. 7041. 7040. 7040. 7040. 7040. 7040. 7040.
 7040. 7040. 7040. 7040. 7040. 7040. 7040. 7040. 7040. 7040. 7040. 7040.
 7040. 7040. 7040. 7040. 7040. 7039. 7039. 7039. 7039. 7039. 7038. 7038.
 7037. 7037. 7037. 7036. 7036. 7035. 7035. 7035. 7035. 7035. 7035. 7035.
 7035. 7035. 7035. 7035. 7035. 7035. 7034. 7031. 7031.]",2,
101,101,"[7042. 7042. 7042. 7042. 7042. 7042. 7042. 7042. 7042. 7042. 7042. 7042.
 7042. 7042. 7042. 7042. 7042. 7042. 7042. 7042. 7042. 7042. 7042. 7042.
 7042. 7042. 7042. 7042. 7042. 7042. 7042. 7042. 7042. 7042. 7042. 7042.
 7042. 7042. 7042. 7042. 7042. 7042. 7042. 7042. 7042. 7042. 7042. 7042.
 7042. 7042. 7042. 7042. 7042. 7042. 7042. 7042. 7042. 7042. 7042. 7042.
 7042. 7042. 7042. 7042. 7042. 7042. 7042. 7042. 7042. 7041. 7041. 7041.
 7041. 7041. 7041. 7041. 7041. 7041. 7040. 7040. 7040. 7040. 7040. 7040.
 7040. 7040. 7040. 7040. 7040. 7040. 7040. 7040. 7040. 7040. 7040. 7040.
 7040. 7040. 7040. 7040. 7040. 7039. 7039. 7039. 7039. 7039. 7038. 7038.
 7037. 7037. 7037. 7036. 7036. 7035. 7035. 7035. 7035. 7035. 7035. 7035.
 7035. 7035. 7035. 7035. 7035. 7035. 7034. 7031. 7031.]",3,
102,102,"[7042. 7042. 7042. 7042. 7042. 7042. 7042. 7042. 7042. 7042. 7042. 7042.
 7042. 7042. 7042. 7042. 7042. 7042. 7042. 7042. 7042. 7042. 7042. 7042.
 7042. 7042. 7042. 7042. 7042. 7042. 7042. 7042. 7042. 7042. 7042. 7042.
 7042. 7042. 7042. 7042. 7042. 7042. 7042. 7042. 7042. 7042. 7042. 7042.
 7042. 7042. 7042. 7042. 7042. 7042. 7042. 7042. 7042. 7042. 7042. 7042.
 7042. 7042. 7042. 7042. 7042. 7042. 7042. 7042. 7042. 7041. 7041. 7041.
 7041. 7041. 7041. 7041. 7041. 7041. 7040. 7040. 7040. 7040. 7040. 7040.
 7040. 7040. 7040. 7040. 7040. 7040. 7040. 7040. 7040. 7040. 7040. 7040.
 7040. 7040. 7040. 7040. 7040. 7039. 7039. 7039. 7039. 7039. 7038. 7038.
 7037. 7037. 7037. 7036. 7036. 7035. 7035. 7035. 7035. 7035. 7035. 7035.
 7035. 7035. 7035. 7035. 7035. 7035. 7034. 7031. 7031.]",3,
103,103,"[7042. 7042. 7042. 7042. 7042. 7042. 7042. 7042. 7042. 7042. 7042. 7042.
 7042. 7042. 7042. 7042. 7042. 7042. 7042. 7042. 7042. 7042. 7042. 7042.
 7042. 7042. 7042. 7042. 7042. 7042. 7042. 7042. 7042. 7042. 7042. 7042.
 7042. 7042. 7042. 7042. 7042. 7042. 7042. 7042. 7042. 7042. 7042. 7042.
 7042. 7042. 7042. 7042. 7042. 7042. 7042. 7042. 7042. 7042. 7042. 7042.
 7042. 7042. 7042. 7042. 7042. 7042. 7042. 7042. 7042. 7041. 7041. 7041.
 7041. 7041. 7041. 7041. 7041. 7041. 7040. 7040. 7040. 7040. 7040. 7040.
 7040. 7040. 7040. 7040. 7040. 7040. 7040. 7040. 7040. 7040. 7040. 7040.
 7040. 7040. 7040. 7040. 7040. 7039. 7039. 7039. 7039. 7039. 7038. 7038.
 7037. 7037. 7037. 7036. 7036. 7035. 7035. 7035. 7035. 7035. 7035. 7035.
 7035. 7035. 7035. 7035. 7035. 7035. 7034. 7031. 7031.]",3,
104,104,"[7042. 7042. 7042. 7042. 7042. 7042. 7042. 7042. 7042. 7042. 7042. 7042.
 7042. 7042. 7042. 7042. 7042. 7042. 7042. 7042. 7042. 7042. 7042. 7042.
 7042. 7042. 7042. 7042. 7042. 7042. 7042. 7042. 7042. 7042. 7042. 7042.
 7042. 7042. 7042. 7042. 7042. 7042. 7042. 7042. 7042. 7042. 7042. 7042.
 7042. 7042. 7042. 7042. 7042. 7042. 7042. 7042. 7042. 7042. 7042. 7042.
 7042. 7042. 7042. 7042. 7042. 7042. 7042. 7042. 7042. 7041. 7041. 7041.
 7041. 7041. 7041. 7041. 7041. 7041. 7040. 7040. 7040. 7040. 7040. 7040.
 7040. 7040. 7040. 7040. 7040. 7040. 7040. 7040. 7040. 7040. 7040. 7040.
 7040. 7040. 7040. 7040. 7040. 7039. 7039. 7039. 7039. 7039. 7038. 7038.
 7037. 7037. 7037. 7036. 7036. 7035. 7035. 7035. 7035. 7035. 7035. 7035.
 7035. 7035. 7035. 7035. 7035. 7035. 7034. 7031. 7031.]",3,
105,105,"[7042. 7042. 7042. 7042. 7042. 7042. 7042. 7042. 7042. 7042. 7042. 7042.
 7042. 7042. 7042. 7042. 7042. 7042. 7042. 7042. 7042. 7042. 7042. 7042.
 7042. 7042. 7042. 7042. 7042. 7042. 7042. 7042. 7042. 7042. 7042. 7042.
 7042. 7042. 7042. 7042. 7042. 7042. 7042. 7042. 7042. 7042. 7042. 7042.
 7042. 7042. 7042. 7042. 7042. 7042. 7042. 7042. 7042. 7042. 7042. 7042.
 7042. 7042. 7042. 7042. 7042. 7042. 7042. 7042. 7042. 7041. 7041. 7041.
 7041. 7041. 7041. 7041. 7041. 7041. 7040. 7040. 7040. 7040. 7040. 7040.
 7040. 7040. 7040. 7040. 7040. 7040. 7040. 7040. 7040. 7040. 7040. 7040.
 7040. 7040. 7040. 7040. 7040. 7039. 7039. 7039. 7039. 7039. 7038. 7038.
 7037. 7037. 7037. 7036. 7036. 7035. 7035. 7035. 7035. 7035. 7035. 7035.
 7035. 7035. 7035. 7035. 7035. 7035. 7034. 7031. 7031.]",3,
106,106,"[7042. 7042. 7042. 7042. 7042. 7042. 7042. 7042. 7042. 7042. 7042. 7042.
 7042. 7042. 7042. 7042. 7042. 7042. 7042. 7042. 7042. 7042. 7042. 7042.
 7042. 7042. 7042. 7042. 7042. 7042. 7042. 7042. 7042. 7042. 7042. 7042.
 7042. 7042. 7042. 7042. 7042. 7042. 7042. 7042. 7042. 7042. 7042. 7042.
 7042. 7042. 7042. 7042. 7042. 7042. 7042. 7042. 7042. 7042. 7042. 7042.
 7042. 7042. 7042. 7042. 7042. 7042. 7042. 7042. 7042. 7041. 7041. 7041.
 7041. 7041. 7041. 7041. 7041. 7041. 7040. 7040. 7040. 7040. 7040. 7040.
 7040. 7040. 7040. 7040. 7040. 7040. 7040. 7040. 7040. 7040. 7040. 7040.
 7040. 7040. 7040. 7040. 7040. 7039. 7039. 7039. 7039. 7039. 7038. 7038.
 7037. 7037. 7037. 7036. 7036. 7035. 7035. 7035. 7035. 7035. 7035. 7035.
 7035. 7035. 7035. 7035. 7035. 7035. 7034. 7031. 7031.]",4,
107,107,"[7042. 7042. 7042. 7042. 7042. 7042. 7042. 7042. 7042. 7042. 7042. 7042.
 7042. 7042. 7042. 7042. 7042. 7042. 7042. 7042. 7042. 7042. 7042. 7042.
 7042. 7042. 7042. 7042. 7042. 7042. 7042. 7042. 7042. 7042. 7042. 7042.
 7042. 7042. 7042. 7042. 7042. 7042. 7042. 7042. 7042. 7042. 7042. 7042.
 7042. 7042. 7042. 7042. 7042. 7042. 7042. 7042. 7042. 7042. 7042. 7042.
 7042. 7042. 7042. 7042. 7042. 7042. 7042. 7042. 7042. 7041. 7041. 7041.
 7041. 7041. 7041. 7041. 7041. 7041. 7040. 7040. 7040. 7040. 7040. 7040.
 7040. 7040. 7040. 7040. 7040. 7040. 7040. 7040. 7040. 7040. 7040. 7040.
 7040. 7040. 7040. 7040. 7040. 7039. 7039. 7039. 7039. 7039. 7038. 7038.
 7037. 7037. 7037. 7036. 7036. 7035. 7035. 7035. 7035. 7035. 7035. 7035.
 7035. 7035. 7035. 7035. 7035. 7035. 7034. 7031. 7031.]",4,
108,108,"[7042. 7042. 7042. 7042. 7042. 7042. 7042. 7042. 7042. 7042. 7042. 7042.
 7042. 7042. 7042. 7042. 7042. 7042. 7042. 7042. 7042. 7042. 7042. 7042.
 7042. 7042. 7042. 7042. 7042. 7042. 7042. 7042. 7042. 7042. 7042. 7042.
 7042. 7042. 7042. 7042. 7042. 7042. 7042. 7042. 7042. 7042. 7042. 7042.
 7042. 7042. 7042. 7042. 7042. 7042. 7042. 7042. 7042. 7042. 7042. 7042.
 7042. 7042. 7042. 7042. 7042. 7042. 7042. 7042. 7042. 7041. 7041. 7041.
 7041. 7041. 7041. 7041. 7041. 7041. 7040. 7040. 7040. 7040. 7040. 7040.
 7040. 7040. 7040. 7040. 7040. 7040. 7040. 7040. 7040. 7040. 7040. 7040.
 7040. 7040. 7040. 7040. 7040. 7039. 7039. 7039. 7039. 7039. 7038. 7038.
 7037. 7037. 7037. 7036. 7036. 7035. 7035. 7035. 7035. 7035. 7035. 7035.
 7035. 7035. 7035. 7035. 7035. 7035. 7034. 7031. 7031.]",5,
109,109,"[7042. 7042. 7042. 7042. 7042. 7042. 7042. 7042. 7042. 7042. 7042. 7042.
 7042. 7042. 7042. 7042. 7042. 7042. 7042. 7042. 7042. 7042. 7042. 7042.
 7042. 7042. 7042. 7042. 7042. 7042. 7042. 7042. 7042. 7042. 7042. 7042.
 7042. 7042. 7042. 7042. 7042. 7042. 7042. 7042. 7042. 7042. 7042. 7042.
 7042. 7042. 7042. 7042. 7042. 7042. 7042. 7042. 7042. 7042. 7042. 7042.
 7042. 7042. 7042. 7042. 7042. 7042. 7042. 7042. 7042. 7041. 7041. 7041.
 7041. 7041. 7041. 7041. 7041. 7041. 7040. 7040. 7040. 7040. 7040. 7040.
 7040. 7040. 7040. 7040. 7040. 7040. 7040. 7040. 7040. 7040. 7040. 7040.
 7040. 7040. 7040. 7040. 7040. 7039. 7039. 7039. 7039. 7039. 7038. 7038.
 7037. 7037. 7037. 7036. 7036. 7035. 7035. 7035. 7035. 7035. 7035. 7035.
 7035. 7035. 7035. 7035. 7035. 7035. 7034. 7031. 7031.]",5,
110,110,"[7042. 7042. 7042. 7042. 7042. 7042. 7042. 7042. 7042. 7042. 7042. 7042.
 7042. 7042. 7042. 7042. 7042. 7042. 7042. 7042. 7042. 7042. 7042. 7042.
 7042. 7042. 7042. 7042. 7042. 7042. 7042. 7042. 7042. 7042. 7042. 7042.
 7042. 7042. 7042. 7042. 7042. 7042. 7042. 7042. 7042. 7042. 7042. 7042.
 7042. 7042. 7042. 7042. 7042. 7042. 7042. 7042. 7042. 7042. 7042. 7042.
 7042. 7042. 7042. 7042. 7042. 7042. 7042. 7042. 7042. 7041. 7041. 7041.
 7041. 7041. 7041. 7041. 7041. 7041. 7040. 7040. 7040. 7040. 7040. 7040.
 7040. 7040. 7040. 7040. 7040. 7040. 7040. 7040. 7040. 7040. 7040. 7040.
 7040. 7040. 7040. 7040. 7040. 7039. 7039. 7039. 7039. 7039. 7038. 7038.
 7037. 7037. 7037. 7036. 7036. 7035. 7035. 7035. 7035. 7035. 7035. 7035.
 7035. 7035. 7035. 7035. 7035. 7035. 7034. 7031. 7031.]",5,
111,111,"[7042. 7042. 7042. 7042. 7042. 7042. 7042. 7042. 7042. 7042. 7042. 7042.
 7042. 7042. 7042. 7042. 7042. 7042. 7042. 7042. 7042. 7042. 7042. 7042.
 7042. 7042. 7042. 7042. 7042. 7042. 7042. 7042. 7042. 7042. 7042. 7042.
 7042. 7042. 7042. 7042. 7042. 7042. 7042. 7042. 7042. 7042. 7042. 7042.
 7042. 7042. 7042. 7042. 7042. 7042. 7042. 7042. 7042. 7042. 7042. 7042.
 7042. 7042. 7042. 7042. 7042. 7042. 7042. 7042. 7042. 7041. 7041. 7041.
 7041. 7041. 7041. 7041. 7041. 7041. 7040. 7040. 7040. 7040. 7040. 7040.
 7040. 7040. 7040. 7040. 7040. 7040. 7040. 7040. 7040. 7040. 7040. 7040.
 7040. 7040. 7040. 7040. 7040. 7039. 7039. 7039. 7039. 7039. 7038. 7038.
 7037. 7037. 7037. 7036. 7036. 7035. 7035. 7035. 7035. 7035. 7035. 7035.
 7035. 7035. 7035. 7035. 7035. 7035. 7034. 7031. 7031.]",6,
112,112,"[7042. 7042. 7042. 7042. 7042. 7042. 7042. 7042. 7042. 7042. 7042. 7042.
 7042. 7042. 7042. 7042. 7042. 7042. 7042. 7042. 7042. 7042. 7042. 7042.
 7042. 7042. 7042. 7042. 7042. 7042. 7042. 7042. 7042. 7042. 7042. 7042.
 7042. 7042. 7042. 7042. 7042. 7042. 7042. 7042. 7042. 7042. 7042. 7042.
 7042. 7042. 7042. 7042. 7042. 7042. 7042. 7042. 7042. 7042. 7042. 7042.
 7042. 7042. 7042. 7042. 7042. 7042. 7042. 7042. 7042. 7041. 7041. 7041.
 7041. 7041. 7041. 7041. 7041. 7041. 7040. 7040. 7040. 7040. 7040. 7040.
 7040. 7040. 7040. 7040. 7040. 7040. 7040. 7040. 7040. 7040. 7040. 7040.
 7040. 7040. 7040. 7040. 7040. 7039. 7039. 7039. 7039. 7039. 7038. 7038.
 7037. 7037. 7037. 7036. 7036. 7035. 7035. 7035. 7035. 7035. 7035. 7035.
 7035. 7035. 7035. 7035. 7035. 7035. 7034. 7031. 7031.]",6,
113,113,"[7042. 7042. 7042. 7042. 7042. 7042. 7042. 7042. 7042. 7042. 7042. 7042.
 7042. 7042. 7042. 7042. 7042. 7042. 7042. 7042. 7042. 7042. 7042. 7042.
 7042. 7042. 7042. 7042. 7042. 7042. 7042. 7042. 7042. 7042. 7042. 7042.
 7042. 7042. 7042. 7042. 7042. 7042. 7042. 7042. 7042. 7042. 7042. 7042.
 7042. 7042. 7042. 7042. 7042. 7042. 7042. 7042. 7042. 7042. 7042. 7042.
 7042. 7042. 7042. 7042. 7042. 7042. 7042. 7042. 7042. 7041. 7041. 7041.
 7041. 7041. 7041. 7041. 7041. 7041. 7040. 7040. 7040. 7040. 7040. 7040.
 7040. 7040. 7040. 7040. 7040. 7040. 7040. 7040. 7040. 7040. 7040. 7040.
 7040. 7040. 7040. 7040. 7040. 7039. 7039. 7039. 7039. 7039. 7038. 7038.
 7037. 7037. 7037. 7036. 7036. 7035. 7035. 7035. 7035. 7035. 7035. 7035.
 7035. 7035. 7035. 7035. 7035. 7035. 7034. 7031. 7031.]",7,
114,114,"[7042. 7042. 7042. 7042. 7042. 7042. 7042. 7042. 7042. 7042. 7042. 7042.
 7042. 7042. 7042. 7042. 7042. 7042. 7042. 7042. 7042. 7042. 7042. 7042.
 7042. 7042. 7042. 7042. 7042. 7042. 7042. 7042. 7042. 7042. 7042. 7042.
 7042. 7042. 7042. 7042. 7042. 7042. 7042. 7042. 7042. 7042. 7042. 7042.
 7042. 7042. 7042. 7042. 7042. 7042. 7042. 7042. 7042. 7042. 7042. 7042.
 7042. 7042. 7042. 7042. 7042. 7042. 7042. 7042. 7042. 7041. 7041. 7041.
 7041. 7041. 7041. 7041. 7041. 7041. 7040. 7040. 7040. 7040. 7040. 7040.
 7040. 7040. 7040. 7040. 7040. 7040. 7040. 7040. 7040. 7040. 7040. 7040.
 7040. 7040. 7040. 7040. 7040. 7039. 7039. 7039. 7039. 7039. 7038. 7038.
 7037. 7037. 7037. 7036. 7036. 7035. 7035. 7035. 7035. 7035. 7035. 7035.
 7035. 7035. 7035. 7035. 7035. 7035. 7034. 7031. 7031.]",7,
115,115,"[7042. 7042. 7042. 7042. 7042. 7042. 7042. 7042. 7042. 7042. 7042. 7042.
 7042. 7042. 7042. 7042. 7042. 7042. 7042. 7042. 7042. 7042. 7042. 7042.
 7042. 7042. 7042. 7042. 7042. 7042. 7042. 7042. 7042. 7042. 7042. 7042.
 7042. 7042. 7042. 7042. 7042. 7042. 7042. 7042. 7042. 7042. 7042. 7042.
 7042. 7042. 7042. 7042. 7042. 7042. 7042. 7042. 7042. 7042. 7042. 7042.
 7042. 7042. 7042. 7042. 7042. 7042. 7042. 7042. 7042. 7041. 7041. 7041.
 7041. 7041. 7041. 7041. 7041. 7041. 7040. 7040. 7040. 7040. 7040. 7040.
 7040. 7040. 7040. 7040. 7040. 7040. 7040. 7040. 7040. 7040. 7040. 7040.
 7040. 7040. 7040. 7040. 7040. 7039. 7039. 7039. 7039. 7039. 7038. 7038.
 7037. 7037. 7037. 7036. 7036. 7035. 7035. 7035. 7035. 7035. 7035. 7035.
 7035. 7035. 7035. 7035. 7035. 7035. 7034. 7031. 7031.]",7,
116,116,"[7042. 7042. 7042. 7042. 7042. 7042. 7042. 7042. 7042. 7042. 7042. 7042.
 7042. 7042. 7042. 7042. 7042. 7042. 7042. 7042. 7042. 7042. 7042. 7042.
 7042. 7042. 7042. 7042. 7042. 7042. 7042. 7042. 7042. 7042. 7042. 7042.
 7042. 7042. 7042. 7042. 7042. 7042. 7042. 7042. 7042. 7042. 7042. 7042.
 7042. 7042. 7042. 7042. 7042. 7042. 7042. 7042. 7042. 7042. 7042. 7042.
 7042. 7042. 7042. 7042. 7042. 7042. 7042. 7042. 7042. 7041. 7041. 7041.
 7041. 7041. 7041. 7041. 7041. 7041. 7040. 7040. 7040. 7040. 7040. 7040.
 7040. 7040. 7040. 7040. 7040. 7040. 7040. 7040. 7040. 7040. 7040. 7040.
 7040. 7040. 7040. 7040. 7040. 7039. 7039. 7039. 7039. 7039. 7038. 7038.
 7037. 7037. 7037. 7036. 7036. 7035. 7035. 7035. 7035. 7035. 7035. 7035.
 7035. 7035. 7035. 7035. 7035. 7035. 7034. 7031. 7031.]",7,
117,117,"[7042. 7042. 7042. 7042. 7042. 7042. 7042. 7042. 7042. 7042. 7042. 7042.
 7042. 7042. 7042. 7042. 7042. 7042. 7042. 7042. 7042. 7042. 7042. 7042.
 7042. 7042. 7042. 7042. 7042. 7042. 7042. 7042. 7042. 7042. 7042. 7042.
 7042. 7042. 7042. 7042. 7042. 7042. 7042. 7042. 7042. 7042. 7042. 7042.
 7042. 7042. 7042. 7042. 7042. 7042. 7042. 7042. 7042. 7042. 7042. 7042.
 7042. 7042. 7042. 7042. 7042. 7042. 7042. 7042. 7042. 7041. 7041. 7041.
 7041. 7041. 7041. 7041. 7041. 7041. 7040. 7040. 7040. 7040. 7040. 7040.
 7040. 7040. 7040. 7040. 7040. 7040. 7040. 7040. 7040. 7040. 7040. 7040.
 7040. 7040. 7040. 7040. 7040. 7039. 7039. 7039. 7039. 7039. 7038. 7038.
 7037. 7037. 7037. 7036. 7036. 7035. 7035. 7035. 7035. 7035. 7035. 7035.
 7035. 7035. 7035. 7035. 7035. 7035. 7034. 7031. 7031.]",7,
118,118,"[7042. 7042. 7042. 7042. 7042. 7042. 7042. 7042. 7042. 7042. 7042. 7042.
 7042. 7042. 7042. 7042. 7042. 7042. 7042. 7042. 7042. 7042. 7042. 7042.
 7042. 7042. 7042. 7042. 7042. 7042. 7042. 7042. 7042. 7042. 7042. 7042.
 7042. 7042. 7042. 7042. 7042. 7042. 7042. 7042. 7042. 7042. 7042. 7042.
 7042. 7042. 7042. 7042. 7042. 7042. 7042. 7042. 7042. 7042. 7042. 7042.
 7042. 7042. 7042. 7042. 7042. 7042. 7042. 7042. 7042. 7041. 7041. 7041.
 7041. 7041. 7041. 7041. 7041. 7041. 7040. 7040. 7040. 7040. 7040. 7040.
 7040. 7040. 7040. 7040. 7040. 7040. 7040. 7040. 7040. 7040. 7040. 7040.
 7040. 7040. 7040. 7040. 7040. 7039. 7039. 7039. 7039. 7039. 7038. 7038.
 7037. 7037. 7037. 7036. 7036. 7035. 7035. 7035. 7035. 7035. 7035. 7035.
 7035. 7035. 7035. 7035. 7035. 7035. 7034. 7031. 7031.]",7,
119,119,"[7042. 7042. 7042. 7042. 7042. 7042. 7042. 7042. 7042. 7042. 7042. 7042.
 7042. 7042. 7042. 7042. 7042. 7042. 7042. 7042. 7042. 7042. 7042. 7042.
 7042. 7042. 7042. 7042. 7042. 7042. 7042. 7042. 7042. 7042. 7042. 7042.
 7042. 7042. 7042. 7042. 7042. 7042. 7042. 7042. 7042. 7042. 7042. 7042.
 7042. 7042. 7042. 7042. 7042. 7042. 7042. 7042. 7042. 7042. 7042. 7042.
 7042. 7042. 7042. 7042. 7042. 7042. 7042. 7042. 7042. 7041. 7041. 7041.
 7041. 7041. 7041. 7041. 7041. 7041. 7040. 7040. 7040. 7040. 7040. 7040.
 7040. 7040. 7040. 7040. 7040. 7040. 7040. 7040. 7040. 7040. 7040. 7040.
 7040. 7040. 7040. 7040. 7040. 7039. 7039. 7039. 7039. 7039. 7038. 7038.
 7037. 7037. 7037. 7036. 7036. 7035. 7035. 7035. 7035. 7035. 7035. 7035.
 7035. 7035. 7035. 7035. 7035. 7035. 7034. 7031. 7031.]",7,
120,120,"[7042. 7042. 7042. 7042. 7042. 7042. 7042. 7042. 7042. 7042. 7042. 7042.
 7042. 7042. 7042. 7042. 7042. 7042. 7042. 7042. 7042. 7042. 7042. 7042.
 7042. 7042. 7042. 7042. 7042. 7042. 7042. 7042. 7042. 7042. 7042. 7042.
 7042. 7042. 7042. 7042. 7042. 7042. 7042. 7042. 7042. 7042. 7042. 7042.
 7042. 7042. 7042. 7042. 7042. 7042. 7042. 7042. 7042. 7042. 7042. 7042.
 7042. 7042. 7042. 7042. 7042. 7042. 7042. 7042. 7042. 7041. 7041. 7041.
 7041. 7041. 7041. 7041. 7041. 7041. 7040. 7040. 7040. 7040. 7040. 7040.
 7040. 7040. 7040. 7040. 7040. 7040. 7040. 7040. 7040. 7040. 7040. 7040.
 7040. 7040. 7040. 7040. 7040. 7039. 7039. 7039. 7039. 7039. 7038. 7038.
 7037. 7037. 7037. 7036. 7036. 7035. 7035. 7035. 7035. 7035. 7035. 7035.
 7035. 7035. 7035. 7035. 7035. 7035. 7034. 7031. 7031.]",7,
121,121,"[7042. 7042. 7042. 7042. 7042. 7042. 7042. 7042. 7042. 7042. 7042. 7042.
 7042. 7042. 7042. 7042. 7042. 7042. 7042. 7042. 7042. 7042. 7042. 7042.
 7042. 7042. 7042. 7042. 7042. 7042. 7042. 7042. 7042. 7042. 7042. 7042.
 7042. 7042. 7042. 7042. 7042. 7042. 7042. 7042. 7042. 7042. 7042. 7042.
 7042. 7042. 7042. 7042. 7042. 7042. 7042. 7042. 7042. 7042. 7042. 7042.
 7042. 7042. 7042. 7042. 7042. 7042. 7042. 7042. 7042. 7041. 7041. 7041.
 7041. 7041. 7041. 7041. 7041. 7041. 7040. 7040. 7040. 7040. 7040. 7040.
 7040. 7040. 7040. 7040. 7040. 7040. 7040. 7040. 7040. 7040. 7040. 7040.
 7040. 7040. 7040. 7040. 7040. 7039. 7039. 7039. 7039. 7039. 7038. 7038.
 7037. 7037. 7037. 7036. 7036. 7035. 7035. 7035. 7035. 7035. 7035. 7035.
 7035. 7035. 7035. 7035. 7035. 7035. 7034. 7031. 7031.]",7,
122,122,"[7042. 7042. 7042. 7042. 7042. 7042. 7042. 7042. 7042. 7042. 7042. 7042.
 7042. 7042. 7042. 7042. 7042. 7042. 7042. 7042. 7042. 7042. 7042. 7042.
 7042. 7042. 7042. 7042. 7042. 7042. 7042. 7042. 7042. 7042. 7042. 7042.
 7042. 7042. 7042. 7042. 7042. 7042. 7042. 7042. 7042. 7042. 7042. 7042.
 7042. 7042. 7042. 7042. 7042. 7042. 7042. 7042. 7042. 7042. 7042. 7042.
 7042. 7042. 7042. 7042. 7042. 7042. 7042. 7042. 7042. 7041. 7041. 7041.
 7041. 7041. 7041. 7041. 7041. 7041. 7040. 7040. 7040. 7040. 7040. 7040.
 7040. 7040. 7040. 7040. 7040. 7040. 7040. 7040. 7040. 7040. 7040. 7040.
 7040. 7040. 7040. 7040. 7040. 7039. 7039. 7039. 7039. 7039. 7038. 7038.
 7037. 7037. 7037. 7036. 7036. 7035. 7035. 7035. 7035. 7035. 7035. 7035.
 7035. 7035. 7035. 7035. 7035. 7035. 7034. 7031. 7031.]",7,
123,123,"[7042. 7042. 7042. 7042. 7042. 7042. 7042. 7042. 7042. 7042. 7042. 7042.
 7042. 7042. 7042. 7042. 7042. 7042. 7042. 7042. 7042. 7042. 7042. 7042.
 7042. 7042. 7042. 7042. 7042. 7042. 7042. 7042. 7042. 7042. 7042. 7042.
 7042. 7042. 7042. 7042. 7042. 7042. 7042. 7042. 7042. 7042. 7042. 7042.
 7042. 7042. 7042. 7042. 7042. 7042. 7042. 7042. 7042. 7042. 7042. 7042.
 7042. 7042. 7042. 7042. 7042. 7042. 7042. 7042. 7042. 7041. 7041. 7041.
 7041. 7041. 7041. 7041. 7041. 7041. 7040. 7040. 7040. 7040. 7040. 7040.
 7040. 7040. 7040. 7040. 7040. 7040. 7040. 7040. 7040. 7040. 7040. 7040.
 7040. 7040. 7040. 7040. 7040. 7039. 7039. 7039. 7039. 7039. 7038. 7038.
 7037. 7037. 7037. 7036. 7036. 7035. 7035. 7035. 7035. 7035. 7035. 7035.
 7035. 7035. 7035. 7035. 7035. 7035. 7034. 7031. 7031.]",7,
124,124,"[7042. 7042. 7042. 7042. 7042. 7042. 7042. 7042. 7042. 7042. 7042. 7042.
 7042. 7042. 7042. 7042. 7042. 7042. 7042. 7042. 7042. 7042. 7042. 7042.
 7042. 7042. 7042. 7042. 7042. 7042. 7042. 7042. 7042. 7042. 7042. 7042.
 7042. 7042. 7042. 7042. 7042. 7042. 7042. 7042. 7042. 7042. 7042. 7042.
 7042. 7042. 7042. 7042. 7042. 7042. 7042. 7042. 7042. 7042. 7042. 7042.
 7042. 7042. 7042. 7042. 7042. 7042. 7042. 7042. 7042. 7041. 7041. 7041.
 7041. 7041. 7041. 7041. 7041. 7041. 7040. 7040. 7040. 7040. 7040. 7040.
 7040. 7040. 7040. 7040. 7040. 7040. 7040. 7040. 7040. 7040. 7040. 7040.
 7040. 7040. 7040. 7040. 7040. 7039. 7039. 7039. 7039. 7039. 7038. 7038.
 7037. 7037. 7037. 7036. 7036. 7035. 7035. 7035. 7035. 7035. 7035. 7035.
 7035. 7035. 7035. 7035. 7035. 7035. 7034. 7031. 7031.]",7,
125,125,"[7042. 7042. 7042. 7042. 7042. 7042. 7042. 7042. 7042. 7042. 7042. 7042.
 7042. 7042. 7042. 7042. 7042. 7042. 7042. 7042. 7042. 7042. 7042. 7042.
 7042. 7042. 7042. 7042. 7042. 7042. 7042. 7042. 7042. 7042. 7042. 7042.
 7042. 7042. 7042. 7042. 7042. 7042. 7042. 7042. 7042. 7042. 7042. 7042.
 7042. 7042. 7042. 7042. 7042. 7042. 7042. 7042. 7042. 7042. 7042. 7042.
 7042. 7042. 7042. 7042. 7042. 7042. 7042. 7042. 7042. 7041. 7041. 7041.
 7041. 7041. 7041. 7041. 7041. 7041. 7040. 7040. 7040. 7040. 7040. 7040.
 7040. 7040. 7040. 7040. 7040. 7040. 7040. 7040. 7040. 7040. 7040. 7040.
 7040. 7040. 7040. 7040. 7040. 7039. 7039. 7039. 7039. 7039. 7038. 7038.
 7037. 7037. 7037. 7036. 7036. 7035. 7035. 7035. 7035. 7035. 7035. 7035.
 7035. 7035. 7035. 7035. 7035. 7035. 7034. 7031. 7031.]",7,
126,126,"[7042. 7042. 7042. 7042. 7042. 7042. 7042. 7042. 7042. 7042. 7042. 7042.
 7042. 7042. 7042. 7042. 7042. 7042. 7042. 7042. 7042. 7042. 7042. 7042.
 7042. 7042. 7042. 7042. 7042. 7042. 7042. 7042. 7042. 7042. 7042. 7042.
 7042. 7042. 7042. 7042. 7042. 7042. 7042. 7042. 7042. 7042. 7042. 7042.
 7042. 7042. 7042. 7042. 7042. 7042. 7042. 7042. 7042. 7042. 7042. 7042.
 7042. 7042. 7042. 7042. 7042. 7042. 7042. 7042. 7042. 7041. 7041. 7041.
 7041. 7041. 7041. 7041. 7041. 7041. 7040. 7040. 7040. 7040. 7040. 7040.
 7040. 7040. 7040. 7040. 7040. 7040. 7040. 7040. 7040. 7040. 7040. 7040.
 7040. 7040. 7040. 7040. 7040. 7039. 7039. 7039. 7039. 7039. 7038. 7038.
 7037. 7037. 7037. 7036. 7036. 7035. 7035. 7035. 7035. 7035. 7035. 7035.
 7035. 7035. 7035. 7035. 7035. 7035. 7034. 7031. 7031.]",8,
127,127,"[7042. 7042. 7042. 7042. 7042. 7042. 7042. 7042. 7042. 7042. 7042. 7042.
 7042. 7042. 7042. 7042. 7042. 7042. 7042. 7042. 7042. 7042. 7042. 7042.
 7042. 7042. 7042. 7042. 7042. 7042. 7042. 7042. 7042. 7042. 7042. 7042.
 7042. 7042. 7042. 7042. 7042. 7042. 7042. 7042. 7042. 7042. 7042. 7042.
 7042. 7042. 7042. 7042. 7042. 7042. 7042. 7042. 7042. 7042. 7042. 7042.
 7042. 7042. 7042. 7042. 7042. 7042. 7042. 7042. 7042. 7041. 7041. 7041.
 7041. 7041. 7041. 7041. 7041. 7041. 7040. 7040. 7040. 7040. 7040. 7040.
 7040. 7040. 7040. 7040. 7040. 7040. 7040. 7040. 7040. 7040. 7040. 7040.
 7040. 7040. 7040. 7040. 7040. 7039. 7039. 7039. 7039. 7039. 7038. 7038.
 7037. 7037. 7037. 7036. 7036. 7035. 7035. 7035. 7035. 7035. 7035. 7035.
 7035. 7035. 7035. 7035. 7035. 7035. 7034. 7031. 7031.]",10,
128,128,"[7042. 7042. 7042. 7042. 7042. 7042. 7042. 7042. 7042. 7042. 7042. 7042.
 7042. 7042. 7042. 7042. 7042. 7042. 7042. 7042. 7042. 7042. 7042. 7042.
 7042. 7042. 7042. 7042. 7042. 7042. 7042. 7042. 7042. 7042. 7042. 7042.
 7042. 7042. 7042. 7042. 7042. 7042. 7042. 7042. 7042. 7042. 7042. 7042.
 7042. 7042. 7042. 7042. 7042. 7042. 7042. 7042. 7042. 7042. 7042. 7042.
 7042. 7042. 7042. 7042. 7042. 7042. 7042. 7042. 7042. 7041. 7041. 7041.
 7041. 7041. 7041. 7041. 7041. 7041. 7040. 7040. 7040. 7040. 7040. 7040.
 7040. 7040. 7040. 7040. 7040. 7040. 7040. 7040. 7040. 7040. 7040. 7040.
 7040. 7040. 7040. 7040. 7040. 7039. 7039. 7039. 7039. 7039. 7038. 7038.
 7037. 7037. 7037. 7036. 7036. 7035. 7035. 7035. 7035. 7035. 7035. 7035.
 7035. 7035. 7035. 7035. 7035. 7035. 7034. 7031. 7031.]",10,
